%YAML:1.0
keypoints: [ 387., 292., 31., 1.0576640319824219e+02,
    4.6882997266948223e-03, 0, -1, 348., 250., 31.,
    2.2212755203247070e+01, 5.4976595565676689e-03, 0, -1, 384., 300.,
    31., 6.1903285980224609e+01, 1.3706486672163010e-02, 0, -1, 369.,
    438., 31., 2.8786981201171875e+02, 1.1400680057704449e-02, 0, -1,
    115., 249., 31., 1.5340327453613281e+02, 5.4073091596364975e-03, 0,
    -1, 440., 305., 31., 9.7165145874023438e+01, 1.7817249521613121e-02,
    0, -1, 92., 258., 31., 3.4616906738281250e+02,
    6.6082915291190147e-03, 0, -1, 119., 309., 31.,
    3.4490467071533203e+01, 5.2176900207996368e-03, 0, -1, 194., 226.,
    31., 2.7597680664062500e+02, 5.5714040063321590e-03, 0, -1, 99.,
    373., 31., 4.8867019653320312e+01, 7.6279612258076668e-03, 0, -1,
    311., 326., 31., 1.6947708129882812e+02, 5.6588915176689625e-03, 0,
    -1, 144., 234., 31., 5.7187953948974609e+01, 5.0533656030893326e-03,
    0, -1, 491., 330., 31., 2.6567889404296875e+02,
    7.1912882849574089e-03, 0, -1, 493., 330., 31.,
    2.8506072998046875e+02, 4.9487836658954620e-03, 0, -1, 392., 289.,
    31., 1.0754033660888672e+02, 5.9398957528173923e-03, 0, -1, 430.,
    342., 31., 2.1797821044921875e+02, 4.8958682455122471e-03, 0, -1,
    263., 260., 31., 3.5175268554687500e+02, 6.2363957986235619e-03, 0,
    -1, 192., 228., 31., 2.7953659057617188e+02, 5.4214415140450001e-03,
    0, -1, 219., 288., 31., 2.6315734863281250e+02,
    5.2142022177577019e-03, 0, -1, 94., 259., 31.,
    2.2010270690917969e+02, 6.0466285794973373e-03, 0, -1, 98., 208.,
    31., 1.0782356262207031e+02, 4.7317752614617348e-03, 0, -1, 413.,
    350., 31., 3.5357763671875000e+02, 6.8732406944036484e-03, 0, -1,
    489., 353., 31., 3.2202191162109375e+02, 5.7736313901841640e-03, 0,
    -1, 269., 279., 31., 1.2501423645019531e+02, 2.0794197916984558e-03,
    0, -1, 306., 291., 31., 1.4879579162597656e+02,
    2.2326793987303972e-03, 0, -1, 296., 389., 31.,
    8.0670478820800781e+01, 3.3392347395420074e-03, 0, -1, 306., 293.,
    31., 3.6275554656982422e+01, 2.8943009674549103e-03, 0, -1, 297.,
    387., 31., 1.1503532409667969e+02, 3.9601461030542850e-03, 0, -1,
    388., 294., 31., 1.1071359252929688e+02, 3.8772679399698973e-03, 0,
    -1, 422., 296., 31., 9.2473014831542969e+01, 2.9333266429603100e-03,
    0, -1, 351., 298., 31., 7.9417381286621094e+01,
    3.7717320956289768e-03, 0, -1, 360., 264., 31.,
    2.3398310852050781e+02, 3.6671517882496119e-03, 0, -1, 288., 242.,
    31., 2.8423065185546875e+02, 2.4114849511533976e-03, 0, -1, 366.,
    441., 31., 3.0513522338867188e+02, 2.3626957554370165e-03, 0, -1,
    331., 379., 31., 2.0930436706542969e+02, 2.1623934153467417e-03, 0,
    -1, 49., 277., 31., 3.2680679321289062e+02, 2.2569582797586918e-03,
    0, -1, 458., 251., 31., 2.6893209838867188e+02,
    2.3250970989465714e-03, 0, -1, 327., 377., 31.,
    3.1197644042968750e+02, 2.5180843658745289e-03, 0, -1, 406., 318.,
    31., 2.7600317382812500e+02, 2.3474160116165876e-03, 0, -1, 428.,
    321., 31., 2.7257736206054688e+02, 3.4373216331005096e-03, 0, -1,
    202., 178., 31., 4.4969329833984375e+01, 2.6954486966133118e-03, 0,
    -1, 183., 265., 31., 9.3395378112792969e+01, 2.5071220006793737e-03,
    0, -1, 475., 339., 31., 2.5483038330078125e+02,
    3.4058440942317247e-03, 0, -1, 396., 290., 31.,
    1.4354901123046875e+02, 2.1385687869042158e-03, 0, -1, 297., 289.,
    31., 7.2194890975952148e+00, 4.3375128880143166e-03, 0, -1, 447.,
    366., 31., 3.5930471801757812e+02, 2.5575959589332342e-03, 0, -1,
    375., 267., 31., 1.2160311889648438e+02, 2.9696663841605186e-03, 0,
    -1, 38., 198., 31., 2.3602772521972656e+02, 2.3443934042006731e-03,
    0, -1, 392., 287., 31., 9.5352455139160156e+01,
    3.5286934580653906e-03, 0, -1, 373., 286., 31.,
    5.8549331665039062e+01, 3.4292389173060656e-03, 0, -1, 401., 312.,
    31., 3.0019271850585938e+02, 3.1559141352772713e-03, 0, -1, 563.,
    408., 31., 1.4460794067382812e+02, 2.4874159134924412e-03, 0, -1,
    312., 270., 31., 2.6120568847656250e+02, 2.1244620438665152e-03, 0,
    -1, 122., 198., 31., 2.9527978515625000e+02, 2.3816097527742386e-03,
    0, -1, 214., 222., 31., 2.2485662841796875e+02,
    2.2139956708997488e-03, 0, -1, 326., 285., 31.,
    9.8656814575195312e+01, 2.2927029058337212e-03, 0, -1, 362., 262.,
    31., 1.9377117919921875e+02, 3.4075365401804447e-03, 0, -1, 443.,
    260., 31., 2.9704010009765625e+02, 4.4968668371438980e-03, 0, -1,
    260., 379., 31., 1.1534501647949219e+02, 4.1611515916883945e-03, 0,
    -1, 96., 206., 31., 1.0264789581298828e+02, 4.4649611227214336e-03,
    0, -1, 100., 206., 31., 1.3496853637695312e+02,
    2.1499875001609325e-03, 0, -1, 293., 317., 31.,
    4.8174221038818359e+01, 2.8398935683071613e-03, 0, -1, 284., 242.,
    31., 2.4252308654785156e+02, 2.3497452493757010e-03, 0, -1, 398.,
    316., 31., 3.0181591796875000e+02, 2.9174380470067263e-03, 0, -1,
    360., 262., 31., 2.0854745483398438e+02, 4.0247212164103985e-03, 0,
    -1, 394., 319., 31., 2.9569290161132812e+02, 2.9819910414516926e-03,
    0, -1, 181., 266., 31., 9.8641418457031250e+01,
    2.2324242163449526e-03, 0, -1, 183., 157., 31.,
    1.7793920898437500e+02, 4.1485619731247425e-03, 0, -1, 502., 310.,
    31., 9.9211296081542969e+01, 2.5973927695304155e-03, 0, -1, 339.,
    356., 31., 1.2193447875976562e+02, 3.7427975330501795e-03, 0, -1,
    434., 342., 31., 1.7787370300292969e+02, 3.0793191399425268e-03, 0,
    -1, 127., 231., 31., 2.8639703369140625e+02, 3.6560792941600084e-03,
    0, -1, 477., 338., 31., 2.6639547729492188e+02,
    3.2570059411227703e-03, 0, -1, 374., 284., 31.,
    7.2330642700195312e+01, 3.7436480633914471e-03, 0, -1, 283., 342.,
    31., 2.8999670410156250e+02, 4.1192760691046715e-03, 0, -1, 369.,
    284., 31., 5.6184516906738281e+01, 2.5917391758412123e-03, 0, -1,
    431., 340., 31., 1.8426995849609375e+02, 3.4749615006148815e-03, 0,
    -1, 429., 340., 31., 1.9626429748535156e+02, 3.4629595465958118e-03,
    0, -1, 241., 254., 31., 2.6978060913085938e+02,
    4.1594100184738636e-03, 0, -1, 371., 278., 31.,
    2.0380626678466797e+01, 4.5867743901908398e-03, 0, -1, 353., 338.,
    31., 3.0917242431640625e+02, 2.6935595087707043e-03, 0, -1, 229.,
    218., 31., 2.7937521362304688e+02, 2.4881949648261070e-03, 0, -1,
    355., 337., 31., 3.0896087646484375e+02, 2.6935595087707043e-03, 0,
    -1, 503., 336., 31., 2.5401062011718750e+02, 2.2824234329164028e-03,
    0, -1, 222., 322., 31., 3.1972232055664062e+02,
    2.8654139023274183e-03, 0, -1, 505., 334., 31.,
    2.4670394897460938e+02, 3.2947219442576170e-03, 0, -1, 436., 303.,
    31., 9.7283531188964844e+01, 3.3706983085721731e-03, 0, -1, 364.,
    328., 31., 5.3787841796875000e+01, 4.4930055737495422e-03, 0, -1,
    370., 441., 31., 2.5901403808593750e+02, 3.0421435367316008e-03, 0,
    -1, 313., 272., 31., 2.5250869750976562e+02, 2.8537954203784466e-03,
    0, -1, 465., 334., 31., 2.6602294921875000e+02,
    2.5256082881242037e-03, 0, -1, 489., 350., 31.,
    3.5909307861328125e+02, 4.6152351424098015e-03, 0, -1, 362., 328.,
    31., 8.8658576965332031e+01, 2.7552577666938305e-03, 0, -1, 293.,
    315., 31., 5.1458133697509766e+01, 1.7975596711039543e-03, 0, -1,
    301., 363., 31., 2.9807775878906250e+02, 1.8597402377054095e-03, 0,
    -1, 210., 224., 31., 1.8332157897949219e+02, 1.7989985644817352e-03,
    0, -1, 326., 283., 31., 8.4061309814453125e+01,
    1.9256907980889082e-03, 0, -1, 298., 320., 31.,
    3.2907291412353516e+01, 2.0778332836925983e-03, 0, -1, 315., 271.,
    31., 2.4042413330078125e+02, 2.0503860432654619e-03, 0, -1, 304.,
    266., 31., 9.9624114990234375e+01, 1.8536180723458529e-03, 0, -1,
    327., 375., 31., 3.4891528320312500e+02, 1.8730473238974810e-03, 0,
    -1, 240., 149., 31., 3.4210552978515625e+02, 1.9163670949637890e-03,
    0, -1, 323., 263., 31., 1.4469433593750000e+02,
    1.6573840985074639e-03, 0, -1, 368., 328., 31.,
    3.2357028198242188e+02, 1.7251498065888882e-03, 0, -1, 322., 258.,
