%YAML:1.0
descriptors: !!opencv-matrix
   rows: 500
   cols: 32
   dt: u
   data: [ 205, 21, 191, 101, 161, 94, 127, 49, 224, 234, 111, 64, 223,
       55, 144, 247, 38, 116, 124, 106, 241, 212, 241, 8, 231, 235, 103,
       0, 34, 242, 199, 113, 81, 101, 3, 32, 48, 12, 110, 96, 96, 224,
       200, 72, 151, 144, 80, 48, 56, 204, 84, 111, 201, 18, 148, 12,
       176, 132, 43, 32, 104, 18, 19, 32, 44, 204, 124, 110, 157, 107,
       87, 187, 116, 134, 173, 24, 211, 113, 10, 48, 25, 66, 64, 42, 120,
       234, 91, 31, 107, 143, 85, 29, 242, 250, 218, 162, 84, 58, 186, 4,
       128, 12, 69, 18, 98, 174, 38, 108, 134, 162, 194, 18, 32, 68, 108,
       8, 140, 73, 169, 0, 218, 161, 37, 49, 192, 96, 70, 67, 80, 32, 81,
       32, 2, 72, 0, 0, 104, 192, 34, 137, 19, 6, 4, 16, 162, 133, 72,
       128, 5, 64, 132, 64, 16, 160, 1, 2, 105, 0, 3, 22, 227, 37, 97,
       37, 59, 30, 76, 45, 57, 224, 163, 217, 78, 6, 156, 245, 150, 143,
       125, 108, 253, 218, 197, 206, 166, 120, 5, 178, 42, 132, 194, 108,
       228, 59, 179, 64, 192, 13, 97, 18, 224, 164, 34, 12, 3, 132, 64,
       18, 4, 204, 96, 80, 8, 122, 240, 32, 93, 136, 5, 32, 225, 160, 70,
       224, 75, 32, 1, 4, 1, 76, 0, 2, 33, 64, 32, 8, 152, 18, 4, 182, 0,
       84, 88, 12, 1, 64, 128, 64, 1, 56, 0, 0, 74, 4, 2, 0, 90, 188,
       227, 126, 27, 216, 19, 146, 163, 68, 44, 13, 47, 245, 66, 150, 35,
       119, 249, 5, 34, 41, 186, 35, 251, 229, 5, 107, 99, 38, 6, 114,
       92, 180, 63, 64, 160, 95, 21, 240, 238, 254, 38, 44, 86, 182, 194,
       147, 165, 85, 236, 54, 161, 65, 41, 12, 219, 195, 101, 119, 192,
       32, 7, 115, 65, 48, 161, 69, 16, 44, 67, 18, 48, 72, 107, 76, 82,
       23, 17, 56, 22, 12, 116, 140, 129, 16, 177, 2, 1, 174, 32, 0, 64,
       161, 66, 113, 64, 56, 40, 0, 0, 89, 17, 3, 32, 204, 36, 29, 2, 0,
       66, 16, 0, 4, 68, 0, 5, 72, 176, 0, 66, 1, 32, 1, 72, 0, 142, 82,
       248, 104, 114, 54, 99, 217, 118, 96, 249, 198, 36, 41, 111, 215,
       131, 180, 162, 224, 204, 66, 100, 173, 164, 174, 246, 247, 20, 19,
       98, 182, 79, 79, 66, 118, 114, 76, 106, 24, 58, 88, 169, 132, 110,
       173, 172, 194, 167, 86, 182, 125, 232, 98, 196, 131, 150, 72, 178,
       240, 10, 11, 42, 183, 43, 23, 69, 183, 153, 70, 180, 76, 103, 184,
       105, 202, 42, 76, 246, 113, 204, 150, 160, 198, 108, 106, 225, 96,
       217, 107, 172, 188, 37, 24, 72, 242, 66, 49, 72, 186, 53, 19, 19,
       191, 51, 146, 187, 189, 38, 12, 190, 7, 66, 20, 39, 54, 236, 8,
       58, 200, 187, 127, 205, 134, 17, 114, 106, 5, 7, 122, 72, 41, 243,
       30, 105, 216, 50, 2, 232, 4, 44, 169, 172, 198, 134, 215, 2, 103,
       232, 64, 6, 72, 166, 97, 38, 113, 2, 11, 66, 36, 7, 111, 120, 52,
       123, 104, 57, 216, 19, 89, 241, 68, 164, 8, 14, 213, 34, 180, 18,
       48, 192, 32, 34, 35, 176, 31, 243, 245, 1, 63, 66, 6, 102, 114,
       100, 96, 152, 40, 136, 41, 80, 8, 106, 40, 32, 9, 2, 8, 7, 24,
       128, 4, 68, 16, 4, 96, 200, 16, 66, 161, 33, 49, 192, 113, 74, 3,
       228, 55, 146, 36, 136, 45, 6, 123, 160, 130, 104, 92, 6, 227, 64,
       18, 4, 81, 64, 32, 112, 2, 146, 2, 161, 128, 65, 56, 200, 113,
       130, 17, 104, 40, 108, 68, 40, 27, 68, 42, 114, 186, 52, 8, 67,
       32, 208, 179, 1, 196, 228, 42, 12, 120, 140, 28, 10, 203, 101, 53,
       66, 224, 74, 4, 86, 166, 125, 64, 178, 91, 99, 160, 121, 228, 38,
       172, 75, 12, 134, 55, 51, 197, 76, 178, 237, 97, 45, 92, 62, 26,
       5, 119, 101, 164, 71, 100, 73, 40, 17, 50, 33, 140, 0, 1, 232, 8,
       35, 72, 190, 82, 132, 176, 128, 39, 108, 12, 23, 76, 130, 97, 129,
       184, 16, 10, 64, 1, 67, 45, 20, 32, 158, 81, 130, 58, 49, 66, 164,
       132, 102, 17, 2, 130, 99, 24, 32, 12, 192, 16, 20, 209, 160, 0,
       74, 161, 4, 65, 225, 81, 239, 194, 105, 73, 68, 68, 65, 14, 110,
       48, 96, 128, 106, 8, 115, 50, 16, 48, 48, 228, 80, 110, 65, 152,
       21, 44, 36, 46, 192, 0, 42, 162, 82, 8, 100, 32, 193, 4, 172, 72,
       65, 0, 98, 228, 32, 8, 67, 4, 211, 26, 1, 196, 96, 24, 24, 96,
       236, 0, 9, 40, 5, 112, 192, 240, 86, 96, 78, 50, 145, 32, 129,
       108, 19, 144, 43, 245, 45, 29, 142, 5, 75, 158, 149, 69, 201, 21,
       19, 64, 152, 66, 137, 117, 21, 103, 202, 87, 142, 83, 105, 168,
       56, 64, 9, 89, 80, 142, 98, 176, 36, 8, 18, 16, 66, 178, 1, 84,
       192, 8, 15, 104, 202, 17, 75, 201, 17, 55, 66, 0, 74, 44, 93, 116,
       245, 101, 173, 94, 77, 60, 97, 234, 55, 72, 91, 61, 93, 191, 4,
       212, 124, 106, 233, 244, 253, 136, 103, 251, 101, 132, 106, 240,
       82, 55, 63, 56, 232, 65, 161, 126, 91, 88, 115, 234, 245, 156, 27,
       54, 151, 60, 28, 220, 212, 206, 157, 246, 244, 66, 67, 221, 97,
       178, 235, 229, 110, 245, 233, 124, 6, 28, 9, 109, 133, 34, 160,
       90, 164, 8, 178, 180, 3, 59, 200, 116, 232, 2, 77, 107, 210, 49,
       145, 178, 209, 58, 64, 113, 2, 10, 40, 164, 57, 96, 145, 73, 17,
       134, 113, 53, 108, 24, 22, 29, 64, 48, 129, 18, 209, 17, 58, 56,
       32, 7, 203, 213, 16, 119, 194, 8, 6, 106, 65, 41, 40, 100, 16, 12,
       75, 22, 96, 12, 46, 13, 19, 3, 18, 80, 16, 68, 125, 204, 128, 8,
       145, 2, 97, 172, 32, 128, 72, 2, 66, 74, 65, 48, 24, 96, 32, 13,
       80, 5, 96, 161, 45, 8, 150, 19, 72, 176, 0, 16, 72, 8, 17, 96,
       144, 0, 192, 137, 20, 33, 72, 2, 138, 32, 241, 64, 156, 94, 40,
       72, 69, 56, 224, 202, 180, 40, 115, 115, 128, 51, 0, 240, 100,
       106, 105, 100, 226, 41, 64, 170, 100, 8, 104, 176, 74, 3, 33, 56,
       144, 36, 32, 12, 16, 16, 32, 160, 32, 237, 22, 57, 64, 18, 134,
       69, 81, 21, 1, 112, 144, 0, 200, 128, 13, 48, 200, 32, 3, 18, 203,
       51, 121, 69, 98, 93, 59, 48, 41, 108, 62, 237, 221, 31, 130, 178,
       134, 85, 255, 70, 197, 0, 165, 194, 102, 125, 33, 162, 14, 166, 7,
       241, 249, 52, 23, 82, 25, 157, 22, 112, 161, 130, 162, 76, 102,
       241, 0, 181, 132, 178, 200, 38, 173, 67, 242, 45, 179, 211, 65,
       59, 74, 4, 10, 23, 22, 238, 247, 233, 50, 34, 186, 202, 191, 23,
       120, 177, 15, 207, 44, 88, 183, 89, 7, 52, 34, 165, 2, 119, 195,
       254, 35, 198, 196, 129, 39, 163, 139, 97, 83, 127, 129, 29, 124,
       61, 53, 0, 99, 128, 253, 127, 24, 185, 54, 91, 93, 238, 117, 208,
       179, 236, 231, 249, 206, 168, 38, 243, 131, 192, 192, 250, 156,
       52, 170, 137, 1, 174, 190, 183, 130, 253, 231, 227, 65, 91, 7,
       119, 104, 80, 106, 77, 195, 51, 168, 162, 125, 58, 0, 16, 7, 41,
       160, 167, 80, 67, 114, 9, 34, 148, 104, 33, 104, 248, 51, 16, 156,
       48, 6, 30, 84, 32, 162, 184, 132, 39, 36, 60, 32, 48, 68, 130,
       135, 172, 219, 63, 23, 54, 41, 221, 148, 103, 233, 72, 184, 237,
       174, 124, 6, 147, 142, 115, 252, 69, 173, 43, 134, 63, 178, 81,
       112, 187, 74, 4, 11, 95, 61, 100, 16, 65, 21, 127, 115, 216, 71,
       184, 45, 8, 222, 17, 65, 188, 145, 92, 80, 56, 35, 116, 248, 26,
       207, 223, 1, 118, 218, 95, 90, 163, 33, 48, 21, 69, 65, 95, 0, 8,
       119, 224, 98, 8, 82, 52, 4, 180, 16, 20, 112, 8, 1, 176, 49, 30,
       5, 222, 65, 2, 74, 2, 66, 36, 66, 114, 0, 4, 32, 12, 28, 50, 40,
       74, 34, 237, 2, 2, 132, 18, 134, 69, 108, 6, 197, 4, 145, 64, 0,
       48, 112, 130, 72, 112, 3, 29, 112, 33, 105, 68, 18, 90, 83, 69,
       112, 68, 101, 9, 18, 4, 2, 48, 48, 142, 64, 76, 40, 144, 164, 14,
       115, 173, 16, 17, 97, 2, 70, 106, 240, 61, 113, 108, 88, 9, 83,
       26, 50, 48, 232, 168, 19, 23, 0, 17, 0, 156, 81, 64, 40, 90, 201,
       26, 113, 160, 1, 60, 97, 128, 70, 50, 88, 150, 145, 111, 48, 14,
       66, 184, 115, 8, 114, 108, 239, 115, 136, 212, 49, 206, 100, 40,
       171, 80, 201, 47, 162, 255, 101, 132, 106, 160, 66, 33, 109, 113,
       253, 68, 103, 120, 116, 16, 99, 246, 46, 140, 91, 61, 83, 190, 2,
       212, 244, 74, 197, 112, 253, 128, 71, 123, 101, 53, 231, 246, 94,
       81, 109, 79, 212, 77, 172, 59, 71, 158, 118, 170, 126, 104, 215,
       97, 129, 126, 19, 100, 108, 40, 9, 112, 197, 10, 228, 239, 101,
       52, 250, 249, 72, 1, 71, 226, 224, 36, 32, 8, 88, 136, 43, 177,
