%YAML:1.0
keypoints: [ 221., 300., 31., 2.9711712646484375e+02,
    1.4337422326207161e-03, 0, -1, 316., 270., 31.,
    3.4167004394531250e+02, 3.4898479934781790e-03, 0, -1, 384., 300.,
    31., 3.1784371948242188e+02, 2.9189088381826878e-03, 0, -1, 41.,
    375., 31., 1.3174034118652344e+02, 2.2635019849985838e-03, 0, -1,
    38., 199., 31., 2.1431356811523438e+02, 1.5460167778655887e-03, 0,
    -1, 426., 170., 31., 2.2744158935546875e+02, 3.7074098363518715e-03,
    0, -1, 78., 324., 31., 1.6530635070800781e+02,
    2.0278112497180700e-03, 0, -1, 399., 316., 31.,
    2.5265505981445312e+02, 2.4004362057894468e-03, 0, -1, 183., 157.,
    31., 1.8231346130371094e+01, 9.9051343277096748e-03, 0, -1, 312.,
    270., 31., 3.3462603759765625e+02, 2.5510685518383980e-03, 0, -1,
    383., 303., 31., 3.0490301513671875e+02, 6.8098353222012520e-03, 0,
    -1, 586., 251., 31., 2.9455255126953125e+02, 2.5298364926129580e-03,
    0, -1, 128., 201., 31., 3.3826031494140625e+02,
    3.4793657250702381e-03, 0, -1, 130., 201., 31.,
    2.0985047912597656e+02, 5.4686199873685837e-03, 0, -1, 496., 422.,
    31., 1.1263402557373047e+02, 2.8097382746636868e-03, 0, -1, 429.,
    242., 31., 1.0270612335205078e+02, 1.7442239914089441e-03, 0, -1,
    295., 238., 31., 1.5561318969726562e+02, 3.2505921553820372e-03, 0,
    -1, 381., 304., 31., 3.1388528442382812e+02, 3.9248098619282246e-03,
    0, -1, 505., 334., 31., 1.3362289428710938e+02,
    2.0969647448509932e-03, 0, -1, 98., 375., 31.,
    3.7139232158660889e+00, 2.0195802208036184e-03, 0, -1, 116., 169.,
    31., 1.7206932067871094e+02, 3.8329360540956259e-03, 0, -1, 105.,
    219., 31., 1.4172032165527344e+02, 4.4226031750440598e-03, 0, -1,
    443., 305., 31., 1.7673266601562500e+02, 1.7479025991633534e-03, 0,
    -1, 396., 314., 31., 3.3289688110351562e+02, 2.2567580454051495e-03,
    0, -1, 266., 279., 31., 1.9871511459350586e+01,
    2.6065655983984470e-03, 0, -1, 372., 269., 31.,
    2.0674401855468750e+02, 3.3586018253117800e-03, 0, -1, 268., 279.,
    31., 6.2336425781250000e+01, 3.6066705361008644e-03, 0, -1, 368.,
    268., 31., 2.1977516174316406e+02, 2.5375816039741039e-03, 0, -1,
    62., 276., 31., 1.4351400756835938e+02, 1.7716690199449658e-03, 0,
    -1, 182., 159., 31., 3.2328588867187500e+02, 9.7705498337745667e-03,
    0, -1, 375., 267., 31., 2.0415014648437500e+02,
    5.9167095459997654e-03, 0, -1, 68., 301., 31.,
    3.4017626953125000e+02, 1.6624011332169175e-03, 0, -1, 293., 388.,
    31., 2.0170875549316406e+01, 3.0395423527806997e-03, 0, -1, 348.,
    236., 31., 8.8563889265060425e-01, 4.1989078745245934e-03, 0, -1,
    194., 226., 31., 3.9394268035888672e+01, 3.4779384732246399e-03, 0,
    -1, 296., 389., 31., 1.9769194030761719e+02, 2.9347112867981195e-03,
    0, -1, 404., 311., 31., 1.6276539611816406e+02,
    2.0050746388733387e-03, 0, -1, 191., 228., 31.,
    2.8305541992187500e+02, 3.5347610246390104e-03, 0, -1, 351., 298.,
    31., 1.6992228698730469e+02, 3.5169073380529881e-03, 0, -1, 184.,
    265., 31., 1.6008917236328125e+02, 1.7850251169875264e-03, 0, -1,
    144., 316., 31., 3.0259317016601562e+02, 2.8535607270896435e-03, 0,
    -1, 164., 399., 31., 8.6458763122558594e+01, 2.4116178974509239e-03,
    0, -1, 357., 396., 31., 2.9917083740234375e+02,
    1.9822851754724979e-03, 0, -1, 194., 205., 31.,
    5.7199821472167969e+01, 3.1301665585488081e-03, 0, -1, 310., 327.,
    31., 2.1254467773437500e+02, 2.6045709382742643e-03, 0, -1, 182.,
    266., 31., 1.5966543579101562e+02, 2.6650982908904552e-03, 0, -1,
    372., 282., 31., 2.4541015625000000e+02, 2.7165969368070364e-03, 0,
    -1, 95., 208., 31., 6.0504703521728516e+01, 1.9263605354353786e-03,
    0, -1, 199., 283., 31., 9.0157188415527344e+01,
    2.1231949795037508e-03, 0, -1, 430., 320., 31.,
    1.9359573364257812e+02, 2.9704207554459572e-03, 0, -1, 299., 322.,
    31., 3.5991571044921875e+02, 3.1798109412193298e-03, 0, -1, 114.,
    171., 31., 2.9391525268554688e+02, 3.8032082375138998e-03, 0, -1,
    323., 250., 31., 3.3930450439453125e+02, 2.1846240852028131e-03, 0,
    -1, 297., 387., 31., 1.5683639526367188e+02, 1.6472192946821451e-03,
    0, -1, 428., 322., 31., 2.2237170410156250e+02,
    3.3514099195599556e-03, 0, -1, 314., 330., 31.,
    2.2249539184570312e+02, 1.4495714567601681e-03, 0, -1, 335., 291.,
    31., 2.4211343383789062e+02, 1.5710085863247514e-03, 0, -1, 465.,
    334., 31., 3.2137368774414062e+02, 1.4539278345182538e-03, 0, -1,
    194., 228., 31., 3.1339239501953125e+02, 5.1684803329408169e-03, 0,
    -1, 45., 375., 31., 1.1809255218505859e+02, 3.6139017902314663e-03,
    0, -1, 337., 292., 31., 3.1998897552490234e+01,
    1.7105133738368750e-03, 0, -1, 230., 210., 31.,
    3.3482232666015625e+02, 3.8792293053120375e-03, 0, -1, 361., 264.,
    31., 2.5592030334472656e+02, 9.8668439313769341e-03, 0, -1, 371.,
    290., 31., 2.4750399780273438e+02, 5.1217279396951199e-03, 0, -1,
    45., 377., 31., 1.5381536865234375e+02, 5.9415306895971298e-03, 0,
    -1, 243., 241., 31., 8.4141510009765625e+01, 1.8717233324423432e-03,
    0, -1, 323., 263., 31., 2.1456484985351562e+02,
    2.7257788460701704e-03, 0, -1, 241., 241., 31.,
    7.3927726745605469e+01, 1.4338971814140677e-03, 0, -1, 226., 211.,
    31., 1.8758949279785156e+01, 2.3942152038216591e-03, 0, -1, 152.,
    262., 31., 3.2182122802734375e+02, 4.2097484692931175e-03, 0, -1,
    388., 266., 31., 1.8129869079589844e+02, 1.5781238907948136e-03, 0,
    -1, 104., 221., 31., 1.0127351379394531e+02, 4.8394040204584599e-03,
    0, -1, 404., 284., 31., 1.4252070617675781e+02,
    2.6544637512415648e-03, 0, -1, 135., 276., 31.,
    2.9344180297851562e+02, 3.8867280818521976e-03, 0, -1, 372., 267.,
    31., 2.0325190734863281e+02, 3.2854294404387474e-03, 0, -1, 313.,
    272., 31., 3.4202398681640625e+02, 4.1325651109218597e-03, 0, -1,
    114., 169., 31., 2.8709570312500000e+02, 3.1330501660704613e-03, 0,
    -1, 283., 342., 31., 7.8877738952636719e+01, 2.3173692170530558e-03,
    0, -1, 315., 272., 31., 3.4881018066406250e+02,
    4.8768008127808571e-03, 0, -1, 229., 212., 31.,
    3.1917031860351562e+02, 5.1705329678952694e-03, 0, -1, 285., 343.,
    31., 1.5138517761230469e+02, 3.1114195007830858e-03, 0, -1, 457.,
    251., 31., 1.4658604431152344e+02, 6.3683604821562767e-03, 0, -1,
    92., 259., 31., 3.3130505371093750e+02, 1.6784861218184233e-03, 0,
    -1, 196., 204., 31., 7.0559959411621094e+01, 3.7579727359116077e-03,
    0, -1, 112., 287., 31., 2.0857063293457031e+02,
    2.6785931549966335e-03, 0, -1, 278., 345., 31.,
    3.5658485412597656e+01, 1.4369951095432043e-03, 0, -1, 328., 285.,
    31., 4.3309799194335938e+01, 1.7096183728426695e-03, 0, -1, 251.,
    213., 31., 6.9304313659667969e+01, 1.4773102011531591e-03, 0, -1,
    183., 188., 31., 2.5757876586914062e+02, 1.9492866704240441e-03, 0,
    -1, 407., 215., 31., 5.2189506530761719e+01, 3.6346181295812130e-03,
    0, -1, 281., 346., 31., 3.0939239501953125e+02,
    2.5037094019353390e-03, 0, -1, 389., 269., 31.,
    2.0862194824218750e+02, 1.4529821928590536e-03, 0, -1, 239., 201.,
    31., 1.0836103820800781e+02, 2.2936260793358088e-03, 0, -1, 243.,
    253., 31., 2.5163032531738281e+02, 2.2395863197743893e-03, 0, -1,
    106., 233., 31., 2.5913281250000000e+02, 1.5885905595496297e-03, 0,
    -1, 309., 351., 31., 1.1967584228515625e+02, 3.8362967316061258e-03,
    0, -1, 414., 352., 31., 2.7189569091796875e+02,
    1.4504508581012487e-03, 0, -1, 495., 420., 31.,
    2.7902468872070312e+02, 3.2859612256288528e-03, 0, -1, 242., 243.,
    31., 8.1254348754882812e+01, 2.2563461679965258e-03, 0, -1, 373.,
    285., 31., 1.7019609069824219e+02, 3.3996712882071733e-03, 0, -1,
    74., 351., 31., 8.7033744812011719e+01, 3.6347960121929646e-03, 0,
    -1, 310., 353., 31., 1.3933488464355469e+02, 3.6173365078866482e-03,
    0, -1, 457., 254., 31., 2.0808325195312500e+02,
    8.1535158678889275e-03, 0, -1, 203., 255., 31.,
    2.9649761962890625e+02, 1.8837030511349440e-03, 0, -1, 407., 218.,
