%YAML:1.0
descriptors: !!opencv-matrix
   rows: 500
   cols: 32
   dt: u
   data: [ 64, 178, 56, 58, 8, 156, 16, 159, 34, 21, 36, 13, 32, 79, 74,
       16, 133, 3, 193, 4, 134, 0, 154, 49, 67, 33, 16, 45, 64, 0, 14,
       91, 124, 162, 231, 36, 129, 94, 84, 113, 161, 239, 39, 125, 74,
       173, 90, 146, 168, 69, 229, 53, 188, 97, 128, 0, 91, 219, 69, 243,
       226, 229, 198, 67, 52, 120, 135, 32, 192, 103, 77, 64, 34, 230,
       162, 9, 87, 61, 81, 27, 137, 253, 113, 147, 41, 214, 187, 40, 217,
       130, 77, 32, 225, 113, 38, 242, 80, 25, 247, 102, 10, 74, 17, 48,
       168, 68, 130, 165, 87, 183, 128, 82, 38, 119, 109, 68, 128, 201,
       183, 44, 209, 166, 112, 24, 32, 162, 37, 123, 35, 32, 208, 68, 75,
       73, 196, 8, 105, 138, 168, 40, 18, 176, 197, 62, 2, 80, 68, 10, 1,
       99, 198, 64, 1, 28, 69, 58, 195, 114, 67, 37, 71, 33, 128, 0, 129,
       12, 72, 16, 105, 160, 40, 76, 0, 40, 85, 30, 129, 68, 80, 28, 129,
       64, 144, 64, 8, 28, 5, 50, 200, 102, 66, 20, 208, 43, 17, 178, 10,
       141, 80, 0, 35, 164, 162, 77, 166, 7, 64, 18, 164, 247, 105, 64,
       8, 72, 219, 32, 217, 128, 1, 48, 32, 0, 2, 58, 96, 2, 140, 76, 12,
       8, 65, 10, 106, 188, 166, 9, 34, 97, 6, 82, 64, 68, 108, 8, 8, 72,
       195, 1, 71, 163, 97, 29, 64, 32, 86, 66, 71, 48, 0, 4, 161, 61,
       144, 0, 43, 226, 33, 124, 10, 24, 197, 154, 134, 69, 192, 21, 133,
       96, 144, 0, 2, 88, 1, 50, 200, 69, 11, 20, 101, 226, 59, 0, 36,
       77, 65, 152, 98, 61, 38, 24, 7, 4, 218, 16, 1, 4, 108, 90, 194,
       101, 173, 17, 137, 169, 33, 117, 64, 136, 70, 97, 208, 41, 174,
       22, 8, 76, 21, 33, 32, 68, 166, 13, 114, 39, 6, 19, 8, 230, 104,
       206, 108, 235, 211, 108, 209, 42, 80, 24, 73, 32, 38, 90, 96, 52,
       17, 8, 18, 73, 2, 18, 50, 96, 32, 12, 18, 6, 0, 48, 16, 12, 64, 0,
       9, 2, 208, 18, 32, 164, 0, 56, 104, 0, 2, 16, 68, 84, 177, 94, 0,
       44, 71, 184, 112, 18, 98, 76, 242, 97, 9, 27, 17, 70, 104, 42,
       161, 116, 187, 41, 33, 170, 64, 4, 200, 113, 70, 49, 4, 160, 189,
       97, 136, 107, 16, 11, 162, 157, 161, 24, 130, 87, 72, 58, 129, 25,
       68, 16, 18, 96, 227, 0, 79, 201, 53, 127, 192, 0, 135, 162, 65,
       160, 160, 39, 96, 13, 181, 133, 42, 55, 41, 25, 32, 44, 94, 18,
       135, 79, 96, 5, 134, 120, 170, 1, 76, 12, 117, 118, 64, 66, 134,
       206, 72, 40, 27, 49, 1, 216, 33, 2, 224, 68, 38, 8, 166, 196, 2,
       16, 0, 46, 232, 0, 2, 169, 162, 33, 0, 33, 16, 17, 66, 4, 15, 72,
       78, 96, 33, 50, 9, 253, 168, 136, 170, 89, 32, 88, 190, 204, 93,
       184, 136, 33, 81, 29, 19, 100, 250, 49, 141, 17, 27, 121, 192, 5,
       23, 96, 209, 32, 222, 84, 2, 14, 181, 33, 224, 132, 166, 12, 211,
       194, 6, 18, 36, 228, 104, 72, 76, 109, 178, 64, 193, 162, 80, 1,
       97, 32, 11, 26, 80, 169, 92, 67, 3, 24, 48, 133, 36, 1, 170, 129,
       161, 2, 14, 144, 34, 131, 200, 192, 14, 200, 135, 33, 162, 225,
       16, 3, 97, 2, 11, 142, 64, 176, 17, 14, 9, 12, 4, 47, 40, 83, 161,
       29, 230, 54, 76, 22, 133, 7, 104, 0, 17, 74, 211, 65, 128, 178,
       80, 26, 72, 64, 163, 90, 240, 33, 144, 12, 10, 8, 2, 8, 98, 176,
       168, 136, 195, 35, 64, 18, 0, 196, 104, 192, 10, 67, 206, 17, 144,
       160, 1, 60, 96, 34, 2, 0, 114, 32, 82, 80, 3, 152, 16, 64, 169, 0,
       160, 9, 2, 194, 6, 148, 162, 161, 192, 0, 4, 67, 134, 64, 18, 240,
       0, 11, 97, 4, 107, 6, 156, 33, 89, 97, 131, 107, 26, 0, 58, 164,
       32, 136, 143, 2, 65, 152, 54, 157, 192, 240, 4, 208, 164, 30, 193,
       133, 9, 113, 224, 17, 7, 130, 36, 98, 145, 73, 12, 47, 71, 152,
       110, 34, 32, 8, 210, 16, 129, 56, 17, 20, 104, 10, 66, 32, 121,
       27, 5, 158, 5, 52, 80, 250, 66, 32, 49, 96, 209, 100, 0, 105, 68,
       0, 32, 98, 168, 136, 211, 38, 5, 58, 40, 196, 64, 34, 77, 0, 244,
       0, 129, 134, 64, 48, 193, 115, 70, 112, 3, 182, 121, 65, 240, 95,
       185, 191, 58, 233, 60, 253, 158, 31, 206, 48, 151, 31, 213, 56,
       183, 24, 249, 87, 111, 221, 53, 244, 72, 128, 143, 123, 37, 160,
       60, 35, 128, 15, 80, 133, 38, 117, 39, 29, 86, 25, 10, 24, 129, 3,
       105, 20, 22, 128, 89, 21, 75, 203, 20, 117, 200, 0, 194, 2, 1,
       241, 61, 225, 168, 13, 189, 188, 106, 121, 60, 108, 157, 94, 200,
       48, 151, 91, 85, 217, 211, 88, 251, 117, 237, 153, 111, 244, 72,
       130, 131, 251, 193, 54, 68, 5, 82, 14, 170, 48, 32, 232, 98, 68,
       16, 16, 16, 19, 36, 76, 112, 44, 161, 208, 149, 76, 36, 40, 37,
       128, 105, 130, 3, 145, 144, 45, 69, 1, 18, 138, 1, 32, 160, 68,
       98, 168, 3, 6, 128, 17, 34, 172, 68, 160, 32, 216, 165, 46, 32,
       160, 32, 0, 96, 128, 6, 96, 78, 178, 187, 50, 241, 254, 57, 19,
       59, 253, 101, 253, 156, 151, 194, 156, 183, 63, 213, 20, 145, 218,
       184, 70, 223, 213, 53, 230, 138, 132, 135, 243, 118, 160, 170, 0,
       200, 104, 89, 210, 163, 253, 165, 25, 2, 172, 94, 26, 169, 196,
       193, 145, 30, 67, 172, 64, 90, 16, 197, 255, 193, 97, 222, 86,
       112, 36, 22, 68, 10, 10, 4, 96, 32, 162, 160, 8, 70, 35, 0, 19,
       32, 196, 64, 32, 40, 67, 128, 12, 16, 130, 65, 0, 96, 32, 2, 0,
       237, 180, 161, 226, 237, 61, 219, 216, 219, 255, 181, 28, 222,
       255, 123, 189, 221, 208, 211, 126, 191, 102, 122, 240, 223, 217,
       203, 126, 218, 111, 94, 246, 108, 44, 57, 86, 137, 89, 20, 32,
       224, 170, 36, 40, 106, 112, 131, 191, 1, 112, 228, 42, 68, 96,
       226, 40, 67, 203, 101, 51, 66, 124, 74, 7, 65, 32, 16, 64, 64, 13,
       32, 0, 106, 160, 32, 8, 134, 2, 64, 48, 132, 21, 64, 8, 0, 96,
       128, 16, 4, 136, 1, 48, 64, 0, 3, 128, 64, 126, 24, 99, 48, 141,
       19, 16, 166, 1, 46, 105, 247, 87, 8, 16, 134, 51, 109, 0, 2, 136,
       147, 49, 227, 133, 32, 16, 64, 130, 7, 59, 40, 37, 49, 96, 31, 75,
       71, 41, 241, 38, 160, 8, 70, 69, 0, 148, 16, 16, 192, 32, 32, 39,
       96, 15, 163, 215, 0, 58, 98, 14, 70, 98, 68, 250, 208, 72, 232,
       40, 36, 158, 42, 59, 56, 232, 149, 35, 197, 26, 135, 95, 69, 16,
       2, 80, 138, 113, 132, 144, 55, 174, 208, 241, 7, 169, 81, 104,
       120, 64, 2, 24, 81, 2, 97, 4, 36, 136, 11, 18, 134, 116, 34, 129,
       68, 76, 72, 44, 36, 0, 19, 201, 0, 3, 97, 128, 70, 101, 91, 48,
       128, 36, 1, 28, 140, 48, 41, 138, 40, 77, 78, 40, 64, 150, 164,
       69, 236, 47, 193, 96, 144, 136, 152, 122, 69, 18, 74, 102, 3, 20,
       192, 185, 233, 18, 32, 216, 17, 140, 34, 84, 36, 172, 34, 6, 202,
       18, 2, 70, 228, 66, 67, 76, 190, 33, 107, 97, 52, 161, 64, 0, 6,
       122, 67, 52, 21, 81, 18, 142, 32, 39, 56, 64, 34, 76, 212, 50, 4,
       49, 134, 53, 120, 36, 161, 200, 49, 78, 129, 62, 82, 2, 72, 0, 3,
       60, 87, 35, 130, 36, 160, 12, 12, 0, 169, 136, 34, 205, 15, 162,
       69, 218, 164, 69, 236, 84, 132, 65, 128, 0, 152, 116, 46, 130,
       128, 118, 3, 5, 112, 40, 187, 68, 0, 88, 85, 66, 96, 174, 164, 8,
       18, 180, 64, 50, 161, 212, 100, 16, 8, 99, 160, 0, 91, 129, 101,
       33, 225, 112, 70, 98, 80, 34, 104, 64, 2, 8, 81, 2, 33, 140, 164,
       40, 3, 24, 198, 18, 34, 197, 101, 64, 136, 111, 164, 0, 91, 169,
       37, 3, 97, 0, 71, 99, 73, 86, 188, 37, 96, 46, 188, 52, 40, 234,
       55, 253, 220, 47, 135, 91, 134, 85, 237, 39, 229, 192, 145, 72,
       70, 51, 125, 130, 200, 112, 11, 27, 96, 32, 149, 44, 8, 72, 1, 8,
       226, 84, 160, 8, 230, 100, 0, 114, 0, 68, 104, 0, 10, 99, 235, 1,
       129, 160, 0, 56, 64, 40, 6, 96, 128, 97, 65, 36, 2, 73, 132, 32,
       40, 226, 32, 137, 135, 1, 80, 19, 2, 197, 65, 99, 65, 96, 132, 0,
       128, 0, 65, 32, 105, 176, 3, 80, 112, 170, 40, 26, 73, 140, 65,
       207, 163, 21, 164, 13, 34, 198, 14, 16, 160, 162, 193, 0, 10, 11,
       186, 49, 211, 177, 16, 25, 80, 0, 102, 250, 65, 20, 181, 69, 9,
       15, 165, 56, 105, 234, 50, 76, 218, 48, 5, 63, 4, 84, 108, 42,
       161, 240, 121, 12, 37, 250, 65, 18, 74, 112, 3, 53, 120, 168, 56,
       96, 129, 89, 80, 134, 114, 176, 36, 8, 2, 21, 64, 48, 1, 28, 192,
       16, 10, 120, 192, 16, 75, 193, 21, 119, 194, 0, 70, 42, 170, 122,
