%YAML:1.0
keypoints: [ 350., 385., 31., 4.7686576843261719e+01,
    1.8633065046742558e-03, 0, -1, 395., 160., 31.,
    4.7397197723388672e+01, 1.9463121425360441e-03, 0, -1, 487., 351.,
    31., 2.0449946594238281e+02, 3.0413314234465361e-03, 0, -1, 130.,
    199., 31., 1.6030357360839844e+02, 3.1794926617294550e-03, 0, -1,
    481., 240., 31., 3.1839868164062500e+02, 2.3656808771193027e-03, 0,
    -1, 136., 293., 31., 8.3527786254882812e+01, 1.9727461040019989e-03,
    0, -1, 137., 302., 31., 7.1491180419921875e+01,
    2.2564057726413012e-03, 0, -1, 282., 346., 31.,
    1.8791513061523438e+02, 7.0871505886316299e-03, 0, -1, 106., 219.,
    31., 1.3227279663085938e+02, 1.9547424744814634e-03, 0, -1, 182.,
    159., 31., 5.0629993438720703e+01, 3.8159964606165886e-03, 0, -1,
    442., 260., 31., 2.0059492492675781e+02, 2.4637000169605017e-03, 0,
    -1, 122., 358., 31., 4.5475109100341797e+01, 2.2730575874447823e-03,
    0, -1, 282., 344., 31., 1.1216053009033203e+02,
    7.0282937958836555e-03, 0, -1, 396., 396., 31.,
    6.7533172607421875e+01, 4.0678153745830059e-03, 0, -1, 267., 279.,
    31., 2.8855743408203125e+02, 2.9881901573389769e-03, 0, -1, 196.,
    204., 31., 4.5451095581054688e+01, 2.3331195116043091e-03, 0, -1,
    366., 441., 31., 3.2646728515625000e+02, 2.3630468640476465e-03, 0,
    -1, 394., 398., 31., 4.2423548698425293e+00, 4.1314861737191677e-03,
    0, -1, 96., 206., 31., 2.7297317504882812e+01,
    2.5246497243642807e-03, 0, -1, 315., 219., 31.,
    2.9038201904296875e+02, 3.9798291400074959e-03, 0, -1, 221., 180.,
    31., 4.4913764953613281e+01, 2.1780233364552259e-03, 0, -1, 483.,
    238., 31., 2.7573898315429688e+02, 2.2187053691595793e-03, 0, -1,
    144., 318., 31., 2.2824627685546875e+02, 9.5305964350700378e-03, 0,
    -1, 309., 353., 31., 1.2756248474121094e+02, 2.0058685913681984e-03,
    0, -1, 404., 168., 31., 2.0467837524414062e+02,
    2.3430786095559597e-03, 0, -1, 437., 294., 31.,
    1.5008020019531250e+02, 3.4380548167973757e-03, 0, -1, 458., 254.,
    31., 1.8048728942871094e+02, 2.8968979604542255e-03, 0, -1, 460.,
    253., 31., 1.7207580566406250e+02, 2.3521236144006252e-03, 0, -1,
    297., 388., 31., 1.4433663940429688e+02, 1.9808686338365078e-03, 0,
    -1, 296., 317., 31., 4.3640861511230469e+01, 2.3529983591288328e-03,
    0, -1, 368., 438., 31., 5.8381355285644531e+01,
    2.2991311270743608e-03, 0, -1, 421., 296., 31.,
    2.1028401184082031e+02, 3.5491113085299730e-03, 0, -1, 429., 343.,
    31., 1.3036315917968750e+02, 5.5429143831133842e-03, 0, -1, 351.,
    296., 31., 2.8507934570312500e+02, 3.8819634355604649e-03, 0, -1,
    285., 344., 31., 1.5334246826171875e+02, 3.1252466142177582e-03, 0,
    -1, 490., 353., 31., 2.2060140991210938e+02, 4.9997051246464252e-03,
    0, -1, 367., 222., 31., 9.6078094482421875e+01,
    5.1719895564019680e-03, 0, -1, 143., 316., 31.,
    2.3340374755859375e+02, 9.7438581287860870e-03, 0, -1, 411., 350.,
    31., 1.2586049079895020e+01, 4.1546802967786789e-03, 0, -1, 100.,
    206., 31., 1.1009985351562500e+02, 2.4561367463320494e-03, 0, -1,
    134., 293., 31., 6.5881965637207031e+01, 2.0483667030930519e-03, 0,
    -1, 279., 346., 31., 2.1640960127115250e-02, 3.7698862142860889e-03,
    0, -1, 78., 290., 31., 1.5344032287597656e+02,
    2.7839986141771078e-03, 0, -1, 111., 382., 31.,
    2.5886230468750000e+02, 2.7209408581256866e-03, 0, -1, 329., 380.,
    31., 2.5087533569335938e+02, 5.5418168194591999e-03, 0, -1, 117.,
    187., 31., 5.0462776184082031e+01, 4.6504754573106766e-03, 0, -1,
    302., 364., 31., 2.9526165771484375e+02, 3.9697876200079918e-03, 0,
    -1, 182., 266., 31., 1.3648332214355469e+02, 2.1540685556828976e-03,
    0, -1, 157., 262., 31., 1.9984040832519531e+02,
    1.9248317694291472e-03, 0, -1, 45., 375., 31.,
    1.0710360717773438e+02, 2.4098090361803770e-03, 0, -1, 158., 324.,
    31., 5.2613872528076172e+01, 2.4999806191772223e-03, 0, -1, 480.,
    237., 31., 3.3529644775390625e+02, 2.2740727290511131e-03, 0, -1,
    302., 361., 31., 3.2540838623046875e+02, 2.6135977823287249e-03, 0,
    -1, 183., 188., 31., 1.5971174240112305e+01, 1.9896177109330893e-03,
    0, -1, 114., 171., 31., 2.6569116210937500e+02,
    2.2902328055351973e-03, 0, -1, 44., 377., 31.,
    1.4896170043945312e+02, 2.8876957949250937e-03, 0, -1, 104., 221.,
    31., 9.6382705688476562e+01, 5.0164875574409962e-03, 0, -1, 41.,
    377., 31., 1.4086857604980469e+02, 3.5314187407493591e-03, 0, -1,
    428., 341., 31., 9.9599273681640625e+01, 4.0204343385994434e-03, 0,
    -1, 194., 206., 31., 3.6042011260986328e+01, 2.5456419680267572e-03,
    0, -1, 123., 267., 31., 3.3164276123046875e+02,
    1.3214378850534558e-03, 0, -1, 360., 394., 31.,
    2.2864990234375000e+02, 1.3372731627896428e-03, 0, -1, 336., 291.,
    31., 2.8489004516601562e+02, 1.3214505743235350e-03, 0, -1, 329.,
    311., 31., 2.6185519409179688e+02, 1.6365635674446821e-03, 0, -1,
    179., 273., 31., 2.7972360229492188e+02, 1.8143072957172990e-03, 0,
    -1, 433., 341., 31., 1.4389761352539062e+02, 1.6115332255139947e-03,
    0, -1, 323., 371., 31., 4.2703937530517578e+01,
    1.3225078582763672e-03, 0, -1, 203., 333., 31.,
    1.4477032470703125e+02, 1.5545511851087213e-03, 0, -1, 309., 351.,
    31., 1.2004450988769531e+02, 1.7835216131061316e-03, 0, -1, 69.,
    302., 31., 3.0500680541992188e+02, 1.5296387718990445e-03, 0, -1,
    185., 353., 31., 3.2621414184570312e+02, 1.4548703329637647e-03, 0,
    -1, 495., 350., 31., 1.8361114501953125e+02, 1.5599345788359642e-03,
    0, -1, 456., 254., 31., 1.7675889587402344e+02,
    1.3524412643164396e-03, 0, -1, 180., 188., 31.,
    3.2200769042968750e+02, 1.6651861369609833e-03, 0, -1, 158., 303.,
    31., 2.5246374511718750e+02, 1.6518007032573223e-03, 0, -1, 332.,
    377., 31., 1.8310717773437500e+02, 1.4671048847958446e-03, 0, -1,
    220., 333., 31., 1.4785147094726562e+02, 1.8284877296537161e-03, 0,
    -1, 394., 202., 31., 1.0532344818115234e+02, 1.6780812293291092e-03,
    0, -1, 346., 366., 31., 2.1326802062988281e+02,
    1.3673341600224376e-03, 0, -1, 219., 286., 31.,
    7.6364639282226562e+01, 1.8108887597918510e-03, 0, -1, 490., 330.,
    31., 8.9918006896972656e+01, 1.6876501031219959e-03, 0, -1, 345.,
    187., 31., 1.0430391693115234e+02, 1.5210710698738694e-03, 0, -1,
    116., 250., 31., 2.6703015136718750e+02, 1.6845589270815253e-03, 0,
    -1, 269., 280., 31., 2.8561547851562500e+02, 1.4420807128772140e-03,
    0, -1, 114., 169., 31., 2.5520585632324219e+02,
    1.6474998556077480e-03, 0, -1, 355., 337., 31.,
    3.4236779785156250e+02, 1.5517789870500565e-03, 0, -1, 447., 251.,
    31., 1.9769717407226562e+02, 1.3316520489752293e-03, 0, -1, 421.,
    188., 31., 7.1641098022460938e+01, 1.7410782165825367e-03, 0, -1,
    596., 298., 31., 7.1743721008300781e+01, 1.7104081343859434e-03, 0,
    -1, 527., 339., 31., 5.2635723114013672e+01, 1.4878135407343507e-03,
    0, -1, 366., 412., 31., 1.4313342285156250e+02,
    1.7725611105561256e-03, 0, -1, 502., 335., 31.,
    1.9712132263183594e+02, 1.0687259491533041e-03, 0, -1, 307., 294.,
    31., 2.8732824707031250e+02, 1.2487628264352679e-03, 0, -1, 366.,
    163., 31., 1.1181716918945312e+02, 1.1498102685436606e-03, 0, -1,
    74., 175., 31., 1.1661224365234375e+02, 1.0710095521062613e-03, 0,
    -1, 160., 303., 31., 2.2754895019531250e+02, 1.3151222374290228e-03,
    0, -1, 122., 198., 31., 2.9279583740234375e+02,
    1.2929583899676800e-03, 0, -1, 182., 273., 31.,
    2.3272018432617188e+02, 1.1410021688789129e-03, 0, -1, 351., 382.,
    31., 5.0320816040039062e+01, 1.0987407295033336e-03, 0, -1, 313.,
    142., 31., 1.8707528686523438e+02, 1.2907258933410048e-03, 0, -1,
    221., 285., 31., 1.1152160644531250e+02, 1.0936789913102984e-03, 0,
    -1, 587., 250., 31., 2.9464965820312500e+02, 1.0856249136850238e-03,
    0, -1, 207., 378., 31., 3.0980697631835938e+02,
    1.2200810015201569e-03, 0, -1, 260., 120., 31.,
    1.1100743865966797e+02, 1.2812440982088447e-03, 0, -1, 251., 395.,
