%YAML:1.0
descriptors: !!opencv-matrix
   rows: 500
   cols: 32
   dt: u
   data: [ 217, 43, 235, 60, 81, 88, 121, 26, 113, 68, 102, 13, 43, 230,
       18, 84, 50, 236, 96, 76, 133, 90, 182, 32, 87, 237, 0, 9, 99, 164,
       110, 198, 64, 48, 161, 36, 34, 104, 9, 16, 32, 228, 32, 172, 149,
       6, 193, 58, 6, 84, 92, 20, 129, 64, 180, 0, 129, 160, 41, 176, 96,
       161, 7, 113, 70, 162, 132, 1, 129, 14, 73, 154, 43, 189, 38, 84,
       206, 35, 74, 22, 9, 196, 109, 28, 27, 64, 217, 193, 138, 242, 133,
       198, 138, 228, 202, 20, 209, 65, 84, 96, 32, 27, 70, 32, 101, 2,
       34, 72, 210, 16, 132, 113, 162, 4, 88, 110, 229, 164, 17, 12, 50,
       250, 0, 0, 104, 16, 66, 4, 64, 40, 56, 80, 2, 216, 17, 6, 160, 12,
       46, 41, 38, 7, 130, 80, 0, 38, 76, 0, 0, 8, 160, 34, 195, 165, 48,
       129, 96, 0, 6, 107, 164, 96, 57, 97, 132, 89, 228, 160, 96, 178,
       160, 24, 147, 25, 69, 57, 137, 20, 72, 50, 72, 100, 232, 0, 139,
       195, 69, 117, 192, 120, 198, 162, 76, 120, 129, 65, 128, 110, 39,
       152, 58, 243, 32, 29, 158, 7, 73, 27, 5, 94, 73, 50, 163, 64, 185,
       0, 137, 130, 7, 36, 200, 113, 7, 240, 72, 32, 16, 32, 1, 9, 0, 0,
       98, 176, 36, 8, 142, 0, 64, 150, 1, 68, 200, 16, 0, 96, 136, 16,
       136, 193, 5, 52, 66, 0, 11, 0, 16, 40, 26, 112, 64, 153, 16, 0,
       226, 164, 36, 8, 2, 194, 66, 16, 160, 48, 192, 0, 4, 112, 130, 16,
       94, 193, 5, 35, 64, 0, 74, 6, 80, 55, 40, 0, 0, 12, 21, 118, 32,
       140, 46, 12, 2, 7, 2, 19, 36, 4, 101, 96, 192, 73, 176, 12, 113,
       161, 112, 145, 64, 0, 14, 123, 202, 127, 254, 112, 232, 54, 93,
       22, 241, 222, 246, 245, 40, 159, 215, 91, 198, 247, 253, 220, 240,
       207, 179, 232, 126, 123, 252, 139, 167, 213, 238, 123, 69, 168,
       138, 22, 202, 88, 16, 136, 162, 81, 164, 24, 80, 246, 78, 54, 33,
       214, 248, 144, 22, 67, 142, 97, 91, 33, 5, 109, 193, 32, 234, 22,
       96, 32, 49, 68, 40, 72, 64, 0, 96, 40, 34, 104, 82, 16, 128, 112,
       0, 20, 108, 8, 1, 32, 193, 0, 129, 160, 32, 48, 64, 0, 70, 33, 96,
       176, 56, 41, 25, 13, 17, 136, 50, 53, 160, 13, 22, 93, 74, 16,
       153, 26, 193, 5, 42, 98, 218, 17, 193, 193, 1, 127, 72, 4, 2, 114,
       75, 48, 90, 32, 43, 72, 249, 80, 41, 104, 244, 109, 159, 155, 18,
       144, 134, 5, 93, 13, 129, 99, 210, 192, 144, 249, 42, 170, 79, 4,
       43, 195, 25, 32, 186, 100, 13, 93, 237, 96, 253, 226, 182, 8, 223,
       188, 22, 55, 184, 193, 126, 47, 105, 99, 113, 216, 211, 219, 67,
       56, 75, 124, 107, 114, 96, 32, 16, 64, 32, 73, 64, 0, 97, 32, 34,
       8, 2, 0, 192, 52, 128, 20, 104, 8, 8, 96, 192, 0, 130, 240, 1, 50,
       64, 0, 66, 36, 125, 48, 213, 68, 129, 92, 68, 48, 33, 202, 170,
       104, 83, 55, 192, 182, 36, 212, 124, 174, 9, 66, 224, 0, 155, 207,
       101, 128, 162, 242, 34, 33, 96, 50, 144, 68, 8, 8, 0, 24, 34, 184,
       40, 108, 22, 18, 192, 18, 5, 84, 76, 16, 1, 64, 200, 0, 136, 160,
       37, 244, 72, 162, 2, 17, 100, 26, 104, 41, 72, 40, 177, 2, 236,
       118, 98, 141, 147, 136, 23, 91, 100, 12, 106, 50, 130, 180, 231,
       16, 68, 169, 98, 41, 121, 137, 69, 210, 59, 60, 120, 161, 117, 79,
       251, 82, 121, 204, 240, 175, 159, 30, 22, 177, 174, 153, 215, 37,
       173, 250, 112, 206, 245, 221, 34, 146, 109, 140, 95, 211, 65, 40,
       17, 86, 0, 204, 0, 2, 32, 192, 34, 8, 50, 18, 64, 114, 0, 118,
       120, 8, 1, 72, 177, 32, 129, 168, 16, 0, 0, 0, 2, 40, 64, 48, 18,
       48, 32, 136, 17, 17, 160, 9, 35, 125, 150, 211, 0, 82, 128, 53,
       76, 0, 0, 97, 146, 0, 192, 160, 32, 8, 72, 0, 131, 19, 65, 48, 49,
       68, 0, 72, 1, 0, 32, 224, 34, 8, 18, 20, 64, 50, 0, 84, 112, 0, 1,
       96, 176, 0, 1, 160, 5, 48, 64, 32, 6, 112, 69, 48, 0, 36, 129, 92,
       76, 48, 41, 98, 32, 204, 215, 60, 17, 187, 132, 69, 120, 47, 229,
       64, 148, 8, 130, 122, 68, 32, 72, 244, 3, 20, 13, 60, 122, 18,
       218, 249, 178, 212, 234, 225, 108, 188, 11, 138, 199, 16, 35, 175,
       194, 16, 183, 122, 188, 114, 94, 197, 48, 97, 233, 19, 75, 151,
       33, 48, 8, 32, 1, 89, 64, 0, 99, 248, 160, 9, 19, 30, 70, 50, 137,
       197, 68, 132, 13, 96, 152, 16, 11, 217, 5, 53, 72, 0, 74, 22, 9,
       56, 24, 64, 1, 217, 72, 16, 96, 104, 36, 12, 27, 3, 2, 48, 0, 164,
       68, 8, 13, 64, 176, 0, 67, 201, 33, 49, 74, 128, 74, 18, 64, 32,
       16, 0, 0, 8, 65, 2, 104, 132, 36, 8, 2, 0, 6, 20, 0, 4, 64, 0, 0,
       96, 160, 0, 0, 32, 4, 0, 64, 0, 66, 64, 68, 160, 180, 65, 136, 15,
       65, 152, 35, 176, 34, 8, 146, 19, 64, 18, 5, 84, 105, 28, 2, 96,
       153, 0, 73, 152, 5, 116, 200, 160, 3, 34, 224, 96, 16, 64, 64, 9,
       100, 0, 114, 178, 38, 8, 6, 17, 65, 56, 17, 28, 96, 74, 64, 116,
       201, 16, 5, 128, 65, 52, 64, 24, 70, 160, 83, 242, 251, 100, 40,
       12, 221, 119, 171, 223, 176, 125, 60, 159, 214, 18, 174, 149, 253,
       133, 197, 111, 178, 193, 210, 218, 126, 186, 77, 148, 167, 255,
       212, 59, 153, 116, 136, 76, 20, 16, 226, 172, 162, 104, 82, 247,
       65, 18, 164, 245, 108, 80, 8, 67, 249, 0, 249, 129, 101, 59, 192,
       48, 6, 35, 239, 49, 108, 101, 105, 95, 85, 248, 225, 254, 182,
       173, 82, 125, 135, 191, 204, 212, 253, 102, 237, 103, 251, 12, 87,
       123, 101, 191, 75, 245, 78, 119, 64, 32, 16, 64, 0, 72, 81, 0, 96,
       132, 32, 8, 18, 19, 0, 48, 0, 20, 64, 8, 0, 96, 128, 0, 65, 168,
       0, 0, 64, 0, 70, 34, 96, 56, 20, 59, 8, 143, 80, 16, 35, 48, 160,
       13, 150, 19, 0, 148, 128, 39, 105, 4, 9, 72, 217, 48, 193, 184, 1,
       50, 88, 0, 66, 18, 115, 253, 158, 182, 113, 223, 82, 102, 153,
       233, 168, 45, 110, 188, 34, 145, 157, 255, 196, 96, 45, 235, 152,
       172, 187, 215, 85, 123, 200, 46, 10, 223, 65, 50, 146, 52, 32,
       136, 32, 17, 160, 200, 35, 109, 214, 243, 0, 18, 130, 37, 108, 4,
       1, 65, 146, 0, 192, 160, 44, 0, 72, 32, 3, 17, 121, 114, 59, 4, 9,
       124, 81, 80, 105, 110, 164, 8, 14, 4, 3, 62, 36, 212, 204, 14,
       136, 103, 160, 0, 209, 145, 0, 51, 98, 209, 14, 101, 33, 32, 8,
       32, 9, 29, 80, 0, 67, 164, 164, 9, 3, 8, 86, 144, 136, 128, 192,
       4, 12, 98, 196, 16, 2, 89, 1, 49, 65, 12, 90, 6, 96, 44, 191, 68,
       16, 122, 70, 66, 232, 130, 164, 8, 18, 52, 5, 59, 128, 244, 72,
       34, 41, 227, 96, 8, 113, 139, 4, 17, 192, 112, 70, 38, 96, 32, 16,
       72, 8, 8, 0, 15, 34, 160, 160, 24, 2, 3, 64, 16, 0, 20, 104, 0,
       24, 74, 194, 16, 1, 160, 17, 56, 64, 0, 130, 40, 80, 34, 24, 97,
       32, 25, 17, 2, 127, 164, 38, 8, 143, 2, 194, 52, 178, 21, 104, 0,
       4, 104, 145, 82, 200, 149, 17, 49, 72, 128, 11, 12, 97, 48, 17,
       72, 9, 92, 64, 17, 107, 105, 33, 88, 30, 18, 132, 180, 0, 0, 76,
       8, 17, 0, 240, 16, 131, 216, 1, 50, 74, 0, 130, 5, 112, 224, 121,
       64, 131, 77, 85, 101, 105, 182, 165, 24, 66, 53, 68, 17, 33, 144,
       65, 42, 72, 96, 184, 0, 91, 138, 85, 55, 97, 112, 198, 106, 193,
       49, 49, 32, 64, 77, 64, 16, 32, 192, 98, 72, 150, 20, 0, 48, 0,
       20, 88, 72, 129, 80, 176, 0, 133, 136, 0, 16, 72, 0, 3, 112, 64,
       48, 145, 68, 0, 72, 0, 0, 32, 192, 32, 8, 22, 22, 64, 50, 1, 84,
       72, 16, 1, 64, 176, 0, 137, 160, 5, 16, 72, 96, 6, 16, 112, 49, 3,
       100, 32, 72, 65, 80, 160, 128, 42, 237, 22, 213, 0, 18, 0, 117,
       105, 65, 9, 67, 146, 0, 208, 160, 0, 24, 72, 34, 2, 50, 100, 227,
       216, 64, 184, 64, 18, 138, 34, 53, 172, 184, 135, 7, 200, 146,
       135, 212, 236, 208, 26, 67, 200, 16, 234, 197, 37, 119, 128, 131,
       142, 34, 233, 51, 20, 5, 53, 14, 98, 16, 96, 200, 98, 68, 146, 16,
       192, 147, 0, 76, 68, 108, 169, 240, 145, 12, 40, 232, 37, 0, 74,
       36, 66, 129, 8, 97, 25, 64, 1, 73, 69, 39, 32, 134, 36, 8, 30, 23,
       0, 177, 0, 16, 64, 8, 65, 76, 32, 0, 131, 201, 16, 1, 66, 0, 70,
       40, 224, 33, 56, 96, 0, 73, 17, 0, 98, 164, 32, 9, 2, 13, 2, 16,
       130, 4, 69, 64, 8, 100, 192, 16, 67, 128, 33, 49, 64, 0, 70, 98,
       100, 160, 57, 64, 128, 73, 17, 136, 98, 181, 36, 25, 2, 5, 72, 18,
       1, 84, 97, 16, 2, 96, 232, 17, 73, 128, 5, 117, 64, 0, 134, 98, 8,
