%YAML:1.0
keypoints: [ 56., 375., 31., 2.1280392456054688e+02,
    8.9938199380412698e-04, 0, -1, 227., 218., 31.,
    1.7419700622558594e+01, 1.9832982216030359e-03, 0, -1, 431., 341.,
    31., 1.6117918395996094e+02, 2.3015949409455061e-03, 0, -1, 230.,
    217., 31., 1.9323871612548828e+01, 2.8426253702491522e-03, 0, -1,
    519., 418., 31., 2.7555834960937500e+02, 1.1086073936894536e-03, 0,
    -1, 196., 346., 31., 3.2571319580078125e+02, 2.7312701568007469e-03,
    0, -1, 297., 387., 31., 3.1097534179687500e+02,
    1.3356836279854178e-03, 0, -1, 562., 434., 31.,
    2.2147084045410156e+02, 1.3836468569934368e-03, 0, -1, 381., 338.,
    31., 2.2594549560546875e+02, 1.2401886051520705e-03, 0, -1, 122.,
    357., 31., 2.9739920043945312e+02, 1.3242834247648716e-03, 0, -1,
    67., 303., 31., 2.9765936279296875e+02, 2.0330648403614759e-03, 0,
    -1, 64., 303., 31., 3.4471762084960938e+02, 1.6541217919439077e-03,
    0, -1, 94., 258., 31., 1.2142559051513672e+02,
    4.8846439458429813e-03, 0, -1, 202., 333., 31.,
    8.3945755004882812e+01, 1.1623186292126775e-03, 0, -1, 163., 169.,
    31., 3.4576245117187500e+02, 2.5007252115756273e-03, 0, -1, 384.,
    302., 31., 2.6393200683593750e+02, 3.4928566310554743e-03, 0, -1,
    114., 169., 31., 2.7481277465820312e+02, 1.4724007342010736e-03, 0,
    -1, 251., 179., 31., 4.3952079772949219e+01, 4.1740713641047478e-03,
    0, -1, 347., 302., 31., 2.8528085327148438e+02,
    1.0778275318443775e-03, 0, -1, 385., 300., 31.,
    2.7210992431640625e+02, 1.7697931034490466e-03, 0, -1, 350., 384.,
    31., 9.5712881088256836e+00, 1.0839968454092741e-03, 0, -1, 369.,
    328., 31., 5.3575984954833984e+01, 1.4129666378721595e-03, 0, -1,
    365., 328., 31., 1.2574107170104980e+01, 9.3836063751950860e-04, 0,
    -1, 263., 259., 31., 2.7165170288085938e+02, 1.0755435796454549e-03,
    0, -1, 135., 317., 31., 3.0349603271484375e+02,
    1.5180457849055529e-03, 0, -1, 240., 254., 31.,
    2.7869393920898438e+02, 1.2317128712311387e-03, 0, -1, 429., 343.,
    31., 1.9139059448242188e+02, 4.3712831102311611e-03, 0, -1, 346.,
    260., 31., 2.7815002441406250e+02, 1.2497183633968234e-03, 0, -1,
    336., 163., 31., 2.1040376281738281e+02, 1.1928011663258076e-03, 0,
    -1, 351., 382., 31., 3.3755947113037109e+01, 1.1244476772844791e-03,
    0, -1, 425., 342., 31., 3.1000247955322266e+01,
    2.0224826876074076e-03, 0, -1, 505., 212., 31.,
    2.2796787261962891e+01, 1.3539864448830485e-03, 0, -1, 551., 222.,
    31., 3.5054357910156250e+02, 9.2768069589510560e-04, 0, -1, 152.,
    261., 31., 9.0667762756347656e+01, 1.6986916307359934e-03, 0, -1,
    137., 318., 31., 2.6693136596679688e+02, 1.3059375341981649e-03, 0,
    -1, 212., 334., 31., 1.8990359497070312e+02, 1.4627600321546197e-03,
    0, -1, 265., 211., 31., 3.2306051635742188e+02,
    3.9921705611050129e-03, 0, -1, 389., 292., 31.,
    1.1190326690673828e+02, 1.0545701952651143e-03, 0, -1, 386., 292.,
    31., 1.3753198242187500e+02, 1.4119547558948398e-03, 0, -1, 322.,
    262., 31., 2.8077368164062500e+02, 2.0491627510637045e-03, 0, -1,
    306., 292., 31., 4.5120597839355469e+01, 2.2287669125944376e-03, 0,
    -1, 93., 210., 31., 2.9038479614257812e+02, 1.9771635998040438e-03,
    0, -1, 207., 378., 31., 2.4415895080566406e+02,
    2.1069070789963007e-03, 0, -1, 209., 377., 31.,
    2.4891442871093750e+02, 2.2910397965461016e-03, 0, -1, 364., 262.,
    31., 2.7422924804687500e+02, 2.6209480129182339e-03, 0, -1, 352.,
    263., 31., 2.6870825195312500e+02, 1.0111796436831355e-03, 0, -1,
    360., 263., 31., 2.6764300537109375e+02, 1.6335615655407310e-03, 0,
    -1, 362., 263., 31., 2.7212866210937500e+02, 3.0832183547317982e-03,
    0, -1, 97., 208., 31., 2.0459973144531250e+02,
    2.1383331622928381e-03, 0, -1, 328., 265., 31.,
    2.7272195434570312e+02, 1.8275554757565260e-03, 0, -1, 366., 441.,
    31., 2.5173675537109375e+02, 1.1155733373016119e-03, 0, -1, 331.,
    265., 31., 2.7840731811523438e+02, 3.3081364817917347e-03, 0, -1,
    95., 207., 31., 2.5469615173339844e+02, 3.7692259065806866e-03, 0,
    -1, 194., 226., 31., 3.4703582763671875e+02, 9.7665365319699049e-04,
    0, -1, 374., 286., 31., 3.3310321044921875e+02,
    5.4333969019353390e-03, 0, -1, 410., 350., 31.,
    2.5835308837890625e+02, 1.3140599476173520e-03, 0, -1, 194., 205.,
    31., 1.9036242675781250e+02, 1.0338450083509088e-03, 0, -1, 59.,
    364., 31., 4.5929878234863281e+01, 1.9024033099412918e-03, 0, -1,
    222., 320., 31., 1.9501951599121094e+02, 2.6060806121677160e-03, 0,
    -1, 45., 375., 31., 1.3630797863006592e+00, 2.1824582945555449e-03,
    0, -1, 164., 400., 31., 1.2769423484802246e+01,
    1.2853429652750492e-03, 0, -1, 376., 266., 31.,
    2.7437414550781250e+02, 1.5630084089934826e-03, 0, -1, 388., 266.,
    31., 2.5312712097167969e+02, 1.8255610484629869e-03, 0, -1, 266.,
    354., 31., 1.5688996887207031e+02, 1.1418615467846394e-03, 0, -1,
    412., 186., 31., 1.0161580657958984e+02, 4.5903758145868778e-03, 0,
    -1, 283., 344., 31., 4.4911327362060547e+01, 2.6124643627554178e-03,
    0, -1, 114., 249., 31., 2.4408712768554688e+02,
    1.0722274892032146e-03, 0, -1, 99., 374., 31.,
    4.6874259948730469e+01, 1.5942077152431011e-03, 0, -1, 425., 320.,
    31., 1.4599531555175781e+02, 1.9894808065146208e-03, 0, -1, 116.,
    249., 31., 2.3143521118164062e+02, 1.0176510550081730e-03, 0, -1,
    309., 351., 31., 1.4736334228515625e+02, 9.2296046204864979e-04, 0,
    -1, 311., 351., 31., 1.7524327087402344e+02, 1.0644715512171388e-03,
    0, -1, 374., 268., 31., 2.7985507202148438e+02,
    1.4272828120738268e-03, 0, -1, 502., 335., 31.,
    2.7060861206054688e+02, 9.3801628099754453e-04, 0, -1, 315., 269.,
    31., 2.8537664794921875e+02, 1.3894928852096200e-03, 0, -1, 504.,
    372., 31., 1.4467520141601562e+02, 1.2610377743840218e-03, 0, -1,
    388., 269., 31., 2.5583267211914062e+02, 1.9289474003016949e-03, 0,
    -1, 132., 200., 31., 1.9861085510253906e+02, 3.0273834709078074e-03,
    0, -1, 428., 321., 31., 1.8883212280273438e+02,
    2.2929513361304998e-03, 0, -1, 274., 199., 31.,
    9.2803855895996094e+01, 1.0528348386287689e-02, 0, -1, 313., 271.,
    31., 3.0033258056640625e+02, 1.3089188141748309e-03, 0, -1, 242.,
    251., 31., 2.7502023315429688e+02, 3.9489460177719593e-03, 0, -1,
    315., 271., 31., 2.9061447143554688e+02, 1.5575479483231902e-03, 0,
    -1, 302., 322., 31., 6.8027114868164062e+01, 1.2346403673291206e-03,
    0, -1, 275., 272., 31., 1.2350724792480469e+02,
    3.5861905198544264e-03, 0, -1, 283., 342., 31.,
    3.4259645938873291e+00, 2.7932743541896343e-03, 0, -1, 49., 279.,
    31., 2.5213975524902344e+02, 1.5960168093442917e-03, 0, -1, 270.,
    198., 31., 8.2942672729492188e+01, 1.0450669564306736e-02, 0, -1,
    163., 113., 31., 2.4282945251464844e+02, 1.4516566880047321e-03, 0,
    -1, 287., 342., 31., 9.8724334716796875e+01, 1.3071080902591348e-03,
    0, -1, 123., 198., 31., 5.8257756233215332e+00,
    1.4351857826113701e-03, 0, -1, 365., 368., 31.,
    3.2891806030273438e+02, 1.7233819235116243e-03, 0, -1, 121., 198.,
    31., 3.5489876270294189e+00, 1.2618812033906579e-03, 0, -1, 49.,
    277., 31., 1.8119815063476562e+02, 1.6558058559894562e-03, 0, -1,
    300., 290., 31., 3.8884838104248047e+01, 7.3787971632555127e-04, 0,
    -1, 312., 326., 31., 2.1175241088867188e+02, 7.3814403731375933e-04,
    0, -1, 46., 277., 31., 3.0127926635742188e+02,
    8.8003964629024267e-04, 0, -1, 295., 388., 31.,
    3.3024688720703125e+02, 8.0955651355907321e-04, 0, -1, 505., 335.,
    31., 2.4024566650390625e+02, 8.4075715858489275e-04, 0, -1, 194.,
    165., 31., 9.9877265930175781e+01, 7.9189689131453633e-04, 0, -1,
    182., 158., 31., 1.4038510131835938e+02, 7.5486674904823303e-04, 0,
    -1, 135., 293., 31., 8.2200035095214844e+01, 8.4110989701002836e-04,
    0, -1, 323., 293., 31., 7.2920372009277344e+01,
    7.9419079702347517e-04, 0, -1, 111., 381., 31.,
    2.3306880187988281e+02, 7.5248518260195851e-04, 0, -1, 433., 110.,
