%YAML:1.0
descriptors: !!opencv-matrix
   rows: 500
   cols: 32
   dt: u
   data: [ 240, 121, 234, 44, 207, 41, 183, 89, 226, 38, 102, 159, 35,
       169, 3, 26, 98, 164, 235, 67, 100, 37, 148, 10, 118, 1, 0, 59,
       111, 124, 94, 202, 82, 8, 100, 101, 2, 10, 104, 7, 45, 32, 98,
       193, 139, 11, 20, 86, 38, 149, 125, 132, 12, 216, 133, 70, 135,
       254, 216, 131, 39, 128, 67, 14, 93, 32, 147, 32, 160, 73, 64, 81,
       115, 160, 163, 88, 30, 147, 65, 158, 51, 148, 108, 24, 24, 99,
       137, 2, 152, 212, 5, 118, 226, 226, 138, 1, 80, 34, 212, 37, 66,
       11, 172, 34, 42, 186, 186, 78, 78, 42, 84, 146, 41, 197, 108, 161,
       5, 225, 197, 72, 156, 134, 207, 20, 105, 96, 3, 2, 69, 112, 213,
       65, 130, 110, 34, 144, 100, 208, 106, 72, 210, 20, 65, 58, 3, 84,
       104, 16, 145, 176, 181, 0, 13, 172, 4, 68, 224, 83, 71, 32, 76,
       172, 56, 90, 25, 249, 83, 130, 234, 57, 44, 24, 174, 182, 202, 51,
       129, 118, 236, 88, 54, 73, 234, 49, 195, 209, 48, 123, 208, 1, 79,
       38, 69, 160, 136, 1, 128, 8, 97, 146, 34, 188, 6, 140, 199, 2,
       194, 82, 3, 196, 108, 28, 19, 64, 141, 16, 204, 32, 37, 244, 136,
       128, 11, 0, 233, 161, 208, 6, 201, 28, 108, 25, 56, 51, 37, 28,
       29, 51, 138, 159, 18, 134, 88, 14, 87, 68, 216, 1, 6, 249, 96, 52,
       74, 244, 203, 0, 50, 50, 104, 64, 75, 29, 80, 80, 49, 160, 160,
       201, 2, 28, 6, 48, 60, 144, 212, 0, 140, 67, 100, 0, 23, 4, 0,
       179, 97, 132, 78, 7, 66, 163, 163, 71, 64, 76, 105, 217, 187, 9,
       96, 88, 130, 36, 220, 54, 48, 92, 96, 77, 195, 114, 184, 65, 29,
       60, 0, 204, 64, 162, 134, 180, 72, 32, 154, 60, 9, 88, 16, 8, 162,
       148, 32, 9, 174, 230, 74, 18, 129, 115, 232, 16, 6, 65, 138, 1,
       218, 225, 5, 57, 0, 100, 14, 66, 64, 42, 80, 16, 104, 153, 32, 2,
       106, 32, 32, 232, 135, 2, 128, 148, 6, 32, 202, 0, 4, 40, 196, 48,
       4, 145, 1, 49, 64, 128, 11, 128, 65, 96, 136, 36, 0, 109, 68, 0,
       32, 194, 36, 9, 71, 33, 83, 26, 0, 68, 96, 12, 4, 96, 128, 0, 194,
       137, 68, 17, 200, 112, 74, 2, 192, 179, 17, 65, 120, 140, 170,
       148, 170, 160, 34, 204, 144, 151, 196, 48, 4, 60, 121, 216, 129,
       28, 208, 86, 45, 172, 47, 164, 72, 2, 67, 184, 91, 32, 97, 32, 1,
       77, 72, 0, 97, 232, 32, 72, 27, 25, 84, 182, 40, 197, 84, 8, 141,
       96, 132, 64, 26, 216, 1, 50, 107, 132, 74, 7, 69, 161, 21, 0, 168,
       108, 64, 153, 102, 121, 3, 104, 214, 23, 200, 120, 5, 4, 124, 12,
       147, 64, 139, 17, 136, 168, 33, 244, 136, 131, 129, 17, 226, 33,
       170, 68, 0, 88, 92, 64, 105, 184, 164, 8, 18, 185, 213, 58, 40,
       212, 81, 202, 76, 65, 164, 64, 83, 24, 69, 37, 193, 49, 78, 34,
       188, 33, 68, 33, 27, 187, 66, 64, 165, 32, 232, 137, 143, 200, 1,
       149, 24, 172, 204, 97, 60, 146, 68, 30, 164, 193, 9, 51, 99, 13,
       82, 134, 70, 176, 144, 0, 139, 72, 4, 175, 107, 115, 32, 12, 14,
       34, 76, 54, 3, 199, 100, 16, 27, 80, 156, 81, 136, 146, 85, 102,
       200, 192, 130, 28, 77, 146, 149, 69, 160, 62, 64, 185, 102, 57,
       51, 112, 222, 50, 136, 242, 7, 84, 252, 56, 177, 192, 169, 5, 138,
       235, 97, 196, 194, 161, 200, 33, 67, 51, 209, 5, 114, 88, 40, 1,
       41, 193, 105, 236, 9, 6, 204, 246, 134, 29, 224, 4, 149, 144, 180,
       64, 14, 248, 1, 130, 106, 134, 138, 244, 203, 166, 204, 68, 241,
       30, 233, 255, 58, 188, 36, 12, 141, 3, 222, 151, 51, 76, 85, 60,
       162, 95, 168, 77, 46, 219, 45, 181, 71, 132, 75, 232, 226, 104,
       200, 86, 65, 88, 104, 136, 59, 144, 4, 136, 37, 135, 67, 254, 34,
       192, 232, 218, 70, 76, 174, 97, 159, 129, 16, 45, 34, 33, 15, 60,
       210, 96, 116, 97, 34, 10, 124, 38, 109, 34, 130, 136, 15, 27, 20,
       53, 38, 149, 93, 232, 224, 204, 133, 204, 227, 250, 80, 130, 38,
       128, 66, 40, 108, 12, 140, 23, 116, 123, 66, 34, 240, 226, 38, 8,
       99, 33, 147, 155, 0, 230, 64, 46, 45, 248, 65, 44, 230, 235, 65,
       17, 234, 233, 90, 0, 152, 100, 82, 160, 3, 136, 68, 32, 169, 2,
       176, 10, 143, 130, 0, 145, 170, 165, 76, 227, 108, 36, 128, 204,
       176, 240, 74, 0, 36, 84, 3, 0, 101, 184, 152, 69, 202, 13, 19,
       154, 106, 57, 110, 76, 182, 49, 64, 16, 21, 222, 108, 8, 10, 120,
       251, 49, 205, 172, 37, 124, 64, 34, 130, 3, 104, 128, 136, 173,
       93, 123, 99, 185, 22, 103, 239, 28, 219, 227, 42, 192, 121, 198,
       234, 138, 25, 35, 121, 19, 148, 231, 130, 13, 58, 111, 120, 192,
       32, 60, 17, 65, 48, 79, 2, 14, 34, 104, 40, 44, 18, 23, 128, 16,
       17, 24, 68, 32, 1, 40, 208, 28, 32, 134, 49, 176, 72, 2, 2, 25, 2,
       58, 53, 0, 112, 207, 161, 54, 106, 236, 32, 108, 176, 4, 196, 49,
       132, 48, 66, 64, 193, 232, 160, 124, 13, 0, 49, 50, 64, 0, 7, 253,
       208, 235, 148, 183, 8, 10, 68, 137, 35, 50, 160, 104, 167, 19, 0,
       59, 162, 198, 76, 66, 106, 68, 203, 33, 144, 194, 116, 54, 32,
       160, 131, 8, 64, 35, 39, 4, 72, 14, 43, 32, 160, 76, 234, 204,
       193, 70, 128, 48, 8, 132, 64, 238, 200, 130, 245, 76, 53, 161,
       170, 0, 65, 2, 71, 240, 211, 41, 188, 68, 42, 28, 88, 16, 104,
       168, 134, 104, 147, 24, 214, 114, 164, 197, 124, 77, 197, 76, 229,
       32, 218, 41, 36, 144, 72, 32, 75, 13, 99, 48, 210, 84, 10, 44, 0,
       0, 168, 130, 32, 136, 246, 242, 5, 58, 134, 245, 121, 2, 17, 65,
       146, 0, 129, 184, 65, 26, 136, 97, 3, 50, 104, 55, 7, 69, 25, 47,
       161, 51, 172, 172, 171, 108, 128, 1, 132, 151, 72, 6, 106, 8, 144,
       201, 193, 12, 4, 48, 240, 18, 66, 4, 210, 11, 90, 184, 115, 48, 3,
       200, 144, 198, 225, 17, 168, 24, 14, 220, 0, 176, 163, 183, 193,
       129, 15, 75, 146, 97, 145, 240, 24, 123, 99, 4, 167, 46, 97, 130,
       172, 69, 36, 30, 241, 50, 104, 236, 54, 13, 195, 40, 150, 54, 128,
       68, 108, 12, 204, 248, 165, 9, 70, 59, 101, 149, 68, 172, 90, 69,
       245, 21, 189, 68, 136, 79, 23, 50, 97, 224, 46, 12, 82, 52, 1, 55,
       20, 116, 112, 106, 225, 112, 241, 12, 113, 186, 69, 48, 72, 120,
       70, 48, 86, 104, 251, 36, 130, 72, 21, 0, 41, 166, 38, 169, 14,
       143, 67, 27, 34, 213, 233, 99, 64, 69, 165, 64, 211, 160, 77, 51,
       101, 115, 6, 98, 179, 97, 123, 172, 40, 3, 204, 109, 249, 130,
       176, 217, 31, 153, 84, 17, 158, 153, 85, 103, 232, 39, 194, 91,
       176, 26, 91, 190, 84, 176, 163, 9, 108, 178, 32, 33, 233, 28, 89,
       152, 50, 117, 36, 13, 14, 13, 74, 144, 157, 15, 209, 21, 154, 82,
       216, 17, 207, 65, 141, 117, 202, 132, 70, 211, 69, 32, 18, 58, 32,
       172, 98, 16, 113, 8, 104, 72, 182, 208, 1, 60, 144, 59, 68, 16,
       21, 48, 130, 34, 192, 244, 0, 72, 200, 67, 3, 0, 105, 112, 136,
       37, 3, 77, 177, 21, 104, 224, 37, 8, 150, 24, 2, 54, 136, 20, 112,
       1, 193, 108, 208, 0, 197, 113, 17, 48, 74, 4, 11, 216, 72, 113,
       251, 69, 98, 88, 48, 5, 104, 193, 103, 168, 159, 150, 132, 114, 2,
       21, 224, 0, 5, 92, 164, 0, 6, 99, 112, 1, 100, 0, 143, 121, 71,
       236, 202, 150, 82, 168, 170, 128, 186, 17, 98, 194, 220, 226, 76,
       210, 51, 239, 114, 152, 2, 217, 142, 115, 12, 36, 143, 108, 133,
       34, 43, 128, 178, 96, 214, 236, 76, 2, 204, 76, 185, 130, 240, 2,
       13, 203, 36, 19, 250, 253, 71, 209, 72, 231, 130, 192, 145, 178,
       158, 10, 69, 32, 98, 138, 18, 174, 84, 187, 30, 169, 152, 40, 239,
       48, 184, 75, 238, 200, 12, 2, 167, 227, 76, 1, 22, 33, 78, 253,
       132, 214, 9, 58, 69, 11, 3, 4, 19, 168, 82, 91, 26, 169, 168, 200,
       171, 48, 168, 138, 174, 202, 76, 16, 183, 251, 76, 129, 6, 65,
       142, 119, 140, 156, 11, 126, 69, 3, 3, 132, 161, 177, 17, 96, 106,
       73, 4, 168, 34, 48, 32, 40, 54, 87, 200, 49, 2, 18, 66, 106, 107,
       98, 202, 53, 173, 129, 69, 60, 96, 0, 6, 160, 31, 32, 49, 225,
       178, 63, 90, 90, 19, 107, 220, 186, 143, 29, 145, 60, 54, 156,
       221, 29, 180, 144, 229, 146, 147, 221, 33, 242, 166, 221, 150,
       117, 64, 33, 24, 64, 8, 9, 17, 0, 98, 180, 44, 8, 2, 2, 66, 18, 1,
       68, 64, 64, 0, 96, 232, 16, 74, 129, 5, 53, 64, 2, 10, 2, 87, 114,
