%YAML:1.0
keypoints: [ 385., 292., 31., 8.3202896118164062e+01,
    1.4872673200443387e-03, 0, -1, 72., 329., 31.,
    3.1971279907226562e+02, 1.9851140677928925e-03, 0, -1, 365., 390.,
    31., 1.8830358886718750e+02, 1.8165721558034420e-03, 0, -1, 349.,
    255., 31., 2.8995233154296875e+02, 1.9996124319732189e-03, 0, -1,
    96., 375., 31., 6.3385555267333984e+01, 1.8216955941170454e-03, 0,
    -1, 94., 258., 31., 1.6395822143554688e+02, 3.4154525492340326e-03,
    0, -1, 352., 258., 31., 2.7641851806640625e+02,
    3.6219530738890171e-03, 0, -1, 348., 275., 31.,
    2.8163040161132812e+02, 2.8512445278465748e-03, 0, -1, 92., 259.,
    31., 2.3720004272460938e+02, 4.9600913189351559e-03, 0, -1, 221.,
    331., 31., 2.0264346313476562e+02, 1.6407590592280030e-03, 0, -1,
    192., 164., 31., 1.4662884521484375e+02, 3.3795540221035480e-03, 0,
    -1, 114., 170., 31., 2.7977685546875000e+02, 7.0194131694734097e-03,
    0, -1, 225., 308., 31., 1.4307284545898438e+02,
    3.5878680646419525e-03, 0, -1, 223., 308., 31.,
    2.3490591049194336e+01, 2.5856296997517347e-03, 0, -1, 265., 259.,
    31., 1.1315808105468750e+02, 4.6105417422950268e-03, 0, -1, 354.,
    259., 31., 2.6076269531250000e+02, 2.0850102882832289e-03, 0, -1,
    325., 286., 31., 1.1263892364501953e+02, 3.6542282905429602e-03, 0,
    -1, 328., 378., 31., 2.3674008178710938e+02, 4.0686433203518391e-03,
    0, -1, 444., 306., 31., 1.7562304687500000e+02,
    1.4907177537679672e-03, 0, -1, 118., 170., 31.,
    5.5245319366455078e+01, 3.0628845561295748e-03, 0, -1, 303., 321.,
    31., 1.5777137756347656e+02, 3.1981021165847778e-03, 0, -1, 326.,
    283., 31., 1.1450760650634766e+02, 2.6752303820103407e-03, 0, -1,
    285., 341., 31., 1.6720502376556396e+00, 1.8724558176472783e-03, 0,
    -1, 527., 339., 31., 5.1379257202148438e+01, 3.7384016904979944e-03,
    0, -1, 284., 418., 31., 8.6844352722167969e+01,
    5.0969468429684639e-03, 0, -1, 438., 305., 31.,
    1.3962950134277344e+02, 2.2426680661737919e-03, 0, -1, 76., 329.,
    31., 2.8565884399414062e+02, 5.3151114843785763e-03, 0, -1, 130.,
    176., 31., 1.5479118347167969e+02, 2.7923271991312504e-03, 0, -1,
    443., 304., 31., 1.7088403320312500e+02, 1.5541660832241178e-03, 0,
    -1, 381., 304., 31., 3.1684097290039062e+02, 4.2569413781166077e-03,
    0, -1, 46., 375., 31., 1.2525350952148438e+02,
    2.5018348824232817e-03, 0, -1, 329., 312., 31.,
    2.5428805541992188e+02, 2.9507887084037066e-03, 0, -1, 404., 138.,
    31., 9.7039558410644531e+01, 4.3212627060711384e-03, 0, -1, 93.,
    211., 31., 3.5560440063476562e+02, 2.0340909250080585e-03, 0, -1,
    42., 375., 31., 1.6454505920410156e+02, 1.4973342185840011e-03, 0,
    -1, 183., 353., 31., 3.1868280029296875e+02, 2.0225548651069403e-03,
    0, -1, 104., 221., 31., 2.1761949157714844e+02,
    2.5155763141810894e-03, 0, -1, 282., 346., 31.,
    3.2010458374023438e+02, 1.8433907534927130e-03, 0, -1, 438., 303.,
    31., 1.1206781768798828e+02, 1.9677747040987015e-03, 0, -1, 368.,
    438., 31., 2.8639797973632812e+02, 6.1493506655097008e-03, 0, -1,
    158., 303., 31., 2.7061642456054688e+02, 1.8837837269529700e-03, 0,
    -1, 370., 441., 31., 2.4644062805175781e+02, 2.0519227255135775e-03,
    0, -1, 282., 418., 31., 1.0474749755859375e+02,
    6.5212287008762360e-03, 0, -1, 229., 212., 31.,
    4.0390125274658203e+01, 3.9466195739805698e-03, 0, -1, 122., 358.,
    31., 6.5767227172851562e+01, 3.8823937065899372e-03, 0, -1, 37.,
    199., 31., 2.7053961181640625e+02, 4.1039660573005676e-03, 0, -1,
    369., 328., 31., 2.3069244384765625e+02, 1.9085142994299531e-03, 0,
    -1, 489., 353., 31., 2.9685784912109375e+02, 3.9179916493594646e-03,
    0, -1, 389., 269., 31., 1.8915373229980469e+02,
    3.5202759318053722e-03, 0, -1, 308., 351., 31.,
    1.5243695068359375e+02, 8.9276544749736786e-03, 0, -1, 68., 302.,
    31., 2.9202896118164062e+01, 3.5255060065537691e-03, 0, -1, 323.,
    371., 31., 3.8967185974121094e+01, 1.4890149468556046e-03, 0, -1,
    429., 340., 31., 1.4739274597167969e+02, 4.1655022650957108e-03, 0,
    -1, 300., 323., 31., 8.2596153259277344e+01, 3.7868507206439972e-03,
    0, -1, 64., 303., 31., 3.4531391143798828e+01,
    3.7983371876180172e-03, 0, -1, 505., 335., 31.,
    1.1633358764648438e+02, 1.5592474956065416e-03, 0, -1, 120., 187.,
    31., 5.8038146972656250e+01, 2.3589818738400936e-03, 0, -1, 349.,
    383., 31., 2.8267199707031250e+02, 1.5194161096587777e-03, 0, -1,
    165., 402., 31., 1.2645021057128906e+02, 1.9225593423470855e-03, 0,
    -1, 182., 187., 31., 3.5258749389648438e+02, 1.8196786986663938e-03,
    0, -1, 221., 299., 31., 3.1075444221496582e+00,
    1.7645494081079960e-03, 0, -1, 210., 224., 31.,
    8.1531471252441406e+01, 8.1102373078465462e-03, 0, -1, 123., 199.,
    31., 3.2451058959960938e+02, 2.0706902723759413e-03, 0, -1, 130.,
    199., 31., 1.2819348144531250e+02, 3.2090425956994295e-03, 0, -1,
    323., 250., 31., 2.6988830566406250e+02, 1.8373442580923438e-03, 0,
    -1, 180., 273., 31., 1.3736322021484375e+02, 1.7452479805797338e-03,
    0, -1, 325., 377., 31., 3.5928228759765625e+02,
    1.7305749934166670e-03, 0, -1, 384., 300., 31.,
    2.9934930419921875e+02, 2.5201512034982443e-03, 0, -1, 214., 223.,
    31., 1.0134304809570312e+02, 1.6804377082735300e-03, 0, -1, 388.,
    291., 31., 1.1243447113037109e+02, 1.8717808416113257e-03, 0, -1,
    121., 200., 31., 3.2666299438476562e+02, 1.7890683375298977e-03, 0,
    -1, 202., 333., 31., 1.0387559509277344e+02, 1.5948447398841381e-03,
    0, -1, 285., 344., 31., 2.8947412109375000e+02,
    3.2666022889316082e-03, 0, -1, 98., 208., 31.,
    9.3996315002441406e+01, 1.8713535973802209e-03, 0, -1, 204., 333.,
    31., 1.3564674377441406e+02, 2.0900170784443617e-03, 0, -1, 458.,
    289., 31., 2.9385095214843750e+02, 2.5927589740604162e-03, 0, -1,
    40., 198., 31., 1.9670964050292969e+02, 4.0691136382520199e-03, 0,
    -1, 209., 221., 31., 7.1251274108886719e+01, 3.7049071397632360e-03,
    0, -1, 96., 206., 31., 7.7557716369628906e+01,
    1.4977586688473821e-03, 0, -1, 48., 281., 31.,
    3.1456909179687500e+02, 1.8152252305299044e-03, 0, -1, 364., 328.,
    31., 5.5368091583251953e+01, 1.6782507300376892e-03, 0, -1, 321.,
    286., 31., 5.0570205688476562e+01, 4.5119230635464191e-03, 0, -1,
    220., 333., 31., 2.2038916015625000e+02, 1.5486348420381546e-03, 0,
    -1, 199., 283., 31., 3.3895065307617188e+02, 3.6948164924979210e-03,
    0, -1, 221., 286., 31., 1.5499874877929688e+02,
    1.6590129816904664e-03, 0, -1, 410., 352., 31.,
    5.2960743904113770e+00, 2.0504104904830456e-03, 0, -1, 407., 284.,
    31., 1.3792228698730469e+02, 1.7784173833206296e-03, 0, -1, 280.,
    343., 31., 3.5213226318359375e+02, 2.0229974761605263e-03, 0, -1,
    368., 326., 31., 2.4144853210449219e+02, 2.6267231442034245e-03, 0,
    -1, 310., 353., 31., 1.6423764038085938e+02, 7.5718294829130173e-03,
    0, -1, 293., 387., 31., 8.4324516296386719e+01,
    3.0961111187934875e-03, 0, -1, 206., 332., 31.,
    1.1199220275878906e+02, 1.3403831981122494e-03, 0, -1, 497., 421.,
    31., 1.9515618896484375e+02, 1.4149661874398589e-03, 0, -1, 367.,
    388., 31., 1.9197212219238281e+02, 1.3415873982012272e-03, 0, -1,
    124., 355., 31., 8.3489631652832031e+01, 1.4689106028527021e-03, 0,
    -1, 239., 343., 31., 2.9828982543945312e+02, 1.4639780856668949e-03,
    0, -1, 363., 388., 31., 1.9012268066406250e+02,
    1.3831591932103038e-03, 0, -1, 141., 201., 31.,
    1.6753598022460938e+02, 1.3859763275831938e-03, 0, -1, 207., 378.,
    31., 2.9981088256835938e+02, 1.3834525598213077e-03, 0, -1, 154.,
    264., 31., 2.3638970947265625e+02, 1.3759393477812409e-03, 0, -1,
    249., 336., 31., 1.8257270812988281e+02, 1.4821799704805017e-03, 0,
    -1, 497., 419., 31., 1.7500245666503906e+02, 1.3772150268778205e-03,
    0, -1, 159., 299., 31., 2.5740008544921875e+02,
    1.2968502705916762e-03, 0, -1, 382., 338., 31.,
    8.2208267211914062e+01, 1.3083452358841896e-03, 0, -1, 260., 261.,
