%YAML:1.0
descriptors: !!opencv-matrix
   rows: 500
   cols: 32
   dt: u
   data: [ 69, 120, 158, 117, 160, 46, 101, 144, 224, 202, 70, 84, 213,
       243, 81, 122, 133, 124, 121, 12, 145, 208, 147, 0, 197, 171, 109,
       0, 136, 113, 195, 48, 33, 20, 53, 65, 17, 94, 1, 32, 125, 72, 38,
       8, 82, 16, 4, 117, 16, 20, 124, 32, 33, 224, 49, 12, 3, 250, 64,
       18, 74, 8, 66, 37, 0, 122, 30, 37, 96, 11, 52, 114, 112, 230, 34,
       237, 135, 8, 194, 17, 134, 77, 68, 3, 196, 244, 133, 12, 196, 130,
       101, 1, 72, 240, 15, 129, 110, 57, 168, 114, 141, 221, 85, 156,
       131, 254, 164, 13, 42, 245, 75, 62, 141, 242, 197, 16, 154, 67,
       250, 176, 203, 209, 21, 63, 210, 124, 94, 123, 95, 35, 202, 5,
       146, 30, 50, 80, 50, 168, 174, 238, 75, 168, 199, 146, 53, 205,
       236, 148, 156, 211, 133, 10, 58, 71, 37, 179, 225, 247, 43, 5,
       232, 33, 80, 64, 66, 9, 0, 6, 96, 0, 40, 8, 10, 16, 0, 176, 2, 16,
       196, 64, 0, 32, 128, 0, 5, 128, 33, 16, 97, 0, 66, 1, 108, 178,
       189, 52, 137, 205, 81, 186, 226, 125, 38, 61, 214, 245, 74, 18,
       129, 68, 236, 16, 27, 96, 251, 53, 201, 163, 101, 125, 64, 32,
       198, 115, 81, 51, 76, 4, 2, 12, 17, 16, 32, 108, 38, 12, 82, 20,
       2, 18, 38, 68, 124, 68, 128, 64, 181, 68, 81, 42, 32, 128, 96, 0,
       6, 113, 8, 96, 24, 0, 1, 89, 0, 6, 96, 96, 32, 8, 14, 0, 64, 144,
       0, 0, 200, 64, 1, 76, 0, 2, 130, 5, 17, 49, 66, 0, 10, 8, 122, 96,
       136, 44, 9, 32, 84, 10, 35, 38, 160, 9, 9, 42, 3, 90, 232, 197,
       193, 131, 12, 67, 196, 0, 208, 227, 201, 59, 161, 117, 42, 2, 112,
       68, 236, 44, 74, 26, 92, 8, 97, 38, 102, 137, 67, 42, 19, 59, 2,
       196, 96, 162, 108, 208, 229, 8, 118, 43, 192, 17, 101, 240, 78, 6,
       40, 32, 104, 17, 1, 187, 113, 7, 227, 165, 36, 153, 139, 1, 66,
       20, 8, 44, 192, 8, 4, 248, 228, 16, 70, 65, 17, 49, 99, 132, 78,
       206, 72, 160, 22, 56, 9, 144, 16, 77, 241, 17, 225, 25, 78, 232,
       10, 146, 144, 199, 232, 1, 30, 227, 130, 1, 146, 243, 80, 31, 66,
       4, 170, 14, 96, 12, 84, 69, 66, 10, 108, 38, 32, 2, 98, 136, 1,
       34, 128, 49, 34, 148, 96, 40, 33, 152, 21, 12, 36, 162, 80, 0, 97,
       160, 66, 168, 165, 165, 5, 0, 129, 89, 68, 162, 97, 86, 32, 24,
       66, 32, 28, 149, 137, 128, 64, 58, 125, 32, 40, 28, 43, 218, 68,
       86, 67, 5, 210, 68, 68, 187, 157, 49, 168, 204, 17, 153, 166, 253,
       54, 101, 182, 23, 195, 26, 133, 70, 108, 80, 147, 72, 171, 49,
       203, 131, 53, 208, 128, 128, 7, 91, 44, 120, 234, 68, 100, 62,
       112, 210, 242, 190, 52, 173, 19, 221, 197, 58, 141, 92, 196, 22,
       142, 242, 250, 0, 79, 201, 33, 61, 194, 249, 94, 179, 118, 54,
       183, 84, 201, 60, 20, 229, 169, 138, 224, 72, 74, 254, 69, 187,
       161, 245, 196, 50, 49, 67, 162, 0, 59, 243, 68, 251, 192, 112,
       111, 55, 137, 33, 113, 96, 38, 73, 145, 1, 104, 36, 32, 40, 159,
       16, 128, 176, 10, 20, 72, 73, 72, 96, 228, 0, 192, 136, 1, 49, 68,
       0, 7, 34, 33, 58, 56, 18, 40, 185, 16, 18, 98, 236, 20, 173, 183,
       12, 194, 18, 7, 116, 204, 21, 132, 104, 253, 48, 202, 1, 53, 177,
       68, 137, 31, 91, 81, 4, 23, 12, 25, 14, 73, 43, 229, 4, 171, 28,
       74, 99, 2, 20, 48, 164, 72, 44, 56, 161, 49, 78, 177, 190, 17, 0,
       66, 160, 227, 36, 108, 43, 249, 81, 200, 125, 101, 80, 226, 236,
       172, 12, 18, 240, 199, 186, 40, 108, 64, 24, 129, 114, 176, 64,
       87, 137, 101, 57, 195, 113, 70, 228, 103, 180, 33, 64, 153, 93,
       195, 136, 107, 113, 172, 24, 210, 16, 92, 180, 153, 22, 121, 24,
       19, 32, 249, 19, 45, 28, 5, 118, 192, 2, 210, 36, 69, 96, 177, 64,
       128, 105, 5, 128, 96, 119, 33, 24, 18, 52, 73, 58, 1, 84, 64, 2,
       65, 100, 168, 0, 1, 128, 69, 52, 192, 112, 134, 112, 34, 178, 113,
       4, 56, 137, 19, 150, 115, 101, 164, 189, 2, 13, 198, 20, 31, 70,
       196, 4, 158, 106, 228, 35, 98, 220, 17, 59, 66, 132, 134, 79, 64,
       8, 157, 86, 40, 72, 164, 32, 232, 130, 38, 40, 246, 241, 136, 50,
       131, 119, 112, 3, 0, 106, 162, 41, 136, 170, 93, 24, 192, 112, 11,
       42, 73, 32, 89, 69, 65, 88, 96, 0, 96, 96, 102, 8, 219, 2, 130,
       182, 32, 76, 104, 8, 1, 240, 165, 0, 7, 233, 0, 33, 98, 0, 75,
       160, 208, 39, 122, 68, 50, 24, 29, 117, 48, 140, 181, 168, 3, 6,
       194, 19, 62, 212, 68, 224, 232, 99, 164, 14, 112, 161, 37, 129,
       97, 128, 14, 97, 88, 33, 81, 68, 2, 72, 177, 1, 104, 132, 40, 0,
       141, 2, 4, 18, 34, 84, 224, 64, 0, 96, 164, 0, 85, 161, 2, 17, 97,
       130, 71, 162, 217, 96, 154, 100, 0, 76, 89, 20, 32, 6, 167, 136,
       95, 3, 3, 26, 38, 213, 104, 136, 76, 69, 176, 64, 211, 161, 0, 1,
       98, 162, 39, 64, 225, 96, 83, 68, 48, 72, 66, 0, 96, 40, 50, 104,
       82, 16, 192, 50, 2, 68, 108, 72, 1, 101, 129, 2, 32, 172, 33, 48,
       72, 162, 66, 33, 67, 56, 17, 19, 97, 200, 33, 17, 169, 64, 34,
       172, 250, 198, 134, 22, 2, 38, 232, 0, 1, 0, 176, 96, 4, 16, 0, 2,
       74, 4, 3, 116, 99, 34, 106, 92, 109, 189, 192, 89, 219, 236, 245,
       93, 2, 200, 86, 56, 216, 172, 86, 13, 156, 99, 246, 192, 23, 24,
       129, 58, 67, 13, 122, 198, 96, 42, 28, 165, 40, 10, 81, 51, 41,
       172, 18, 232, 135, 3, 128, 18, 134, 20, 109, 0, 0, 204, 193, 12,
       128, 242, 113, 145, 64, 128, 22, 9, 89, 48, 217, 36, 3, 28, 20,
       16, 40, 230, 38, 237, 207, 54, 67, 154, 39, 197, 236, 130, 69, 64,
       181, 0, 194, 227, 109, 51, 170, 244, 15, 82, 65, 48, 17, 32, 32,
       12, 17, 16, 105, 224, 34, 109, 22, 9, 64, 16, 132, 5, 72, 5, 129,
       96, 144, 0, 72, 48, 5, 34, 72, 128, 66, 81, 64, 54, 117, 68, 48,
       78, 7, 48, 48, 234, 34, 236, 82, 54, 128, 51, 22, 84, 68, 98, 225,
       224, 177, 14, 33, 130, 101, 16, 64, 224, 6, 113, 96, 80, 152, 100,
       0, 12, 64, 16, 33, 136, 34, 76, 82, 51, 0, 82, 128, 68, 108, 78,
       65, 68, 145, 0, 2, 184, 0, 0, 72, 34, 74, 18, 85, 160, 188, 107,
       138, 12, 80, 157, 102, 49, 35, 17, 214, 26, 72, 114, 161, 7, 104,
       28, 22, 72, 153, 49, 203, 234, 16, 68, 224, 0, 137, 2, 68, 162,
       40, 0, 168, 25, 73, 152, 34, 188, 38, 9, 195, 70, 195, 24, 1, 132,
       109, 152, 30, 64, 235, 16, 203, 1, 37, 125, 128, 0, 70, 66, 97,
       105, 57, 64, 32, 73, 69, 6, 96, 108, 36, 40, 18, 20, 147, 56, 0,
       4, 68, 72, 64, 40, 224, 0, 65, 168, 48, 48, 64, 208, 70, 107, 96,
       48, 144, 100, 0, 8, 65, 0, 34, 160, 162, 12, 66, 35, 64, 18, 9,
       212, 104, 144, 9, 66, 208, 0, 201, 130, 69, 112, 104, 32, 6, 50,
       99, 187, 138, 6, 32, 156, 82, 146, 169, 121, 44, 108, 34, 190,
       198, 178, 132, 102, 212, 0, 143, 73, 138, 33, 34, 241, 48, 179,
       74, 6, 202, 31, 98, 34, 196, 1, 80, 26, 105, 0, 35, 160, 98, 136,
       65, 2, 86, 150, 32, 196, 64, 188, 160, 208, 133, 76, 12, 186, 133,
       0, 99, 132, 66, 132, 99, 34, 192, 5, 96, 8, 40, 16, 49, 168, 38,
       236, 207, 33, 192, 150, 22, 204, 100, 12, 128, 208, 192, 2, 6,
       246, 37, 178, 106, 164, 10, 5, 104, 104, 148, 53, 48, 47, 64, 2,
       34, 176, 34, 73, 223, 1, 65, 154, 135, 101, 100, 15, 32, 228, 9,
       12, 193, 195, 97, 52, 64, 49, 3, 0, 16, 25, 22, 101, 2, 106, 0,
       49, 36, 8, 171, 96, 87, 51, 128, 51, 38, 145, 100, 170, 25, 137,
       1, 12, 144, 130, 96, 0, 96, 162, 35, 33, 73, 98, 80, 101, 32, 11,
       78, 17, 113, 42, 99, 88, 75, 2, 128, 189, 148, 141, 76, 42, 237,
       212, 133, 10, 128, 254, 32, 176, 96, 240, 194, 5, 72, 56, 35, 48,
       64, 200, 33, 70, 160, 68, 160, 9, 62, 150, 0, 176, 160, 55, 192,
       1, 5, 75, 178, 96, 17, 32, 16, 40, 64, 0, 39, 250, 112, 162, 106,
       58, 40, 152, 80, 137, 227, 21, 37, 185, 35, 195, 202, 82, 3, 134,
       236, 0, 30, 3, 142, 19, 90, 229, 33, 127, 96, 128, 206, 6, 103,
       32, 225, 4, 202, 9, 170, 72, 234, 240, 168, 137, 24, 231, 86, 182,
       7, 117, 226, 28, 131, 66, 206, 82, 79, 28, 5, 124, 202, 166, 10,
       212, 129, 52, 60, 88, 8, 219, 85, 120, 112, 74, 116, 64, 114, 112,
       2, 49, 16, 58, 116, 42, 163, 226, 59, 29, 99, 139, 96, 9, 72, 0,
